[[[0.9466048072139973, 0.010304896997613165, 0.009721180735057932, 0.009721180735057932, 0.013926753583215606, 0.009721180735057932], [0.9463133670683037, 0.010600177472412101, 0.009721292554093578, 0.009721292554093578, 0.013922577797003614, 0.009721292554093578], [0.9461286999443062, 0.010787348861546933, 0.009721363433653887, 0.009721363433653887, 0.013919860893185199, 0.009721363433653887], [0.9460593754267126, 0.010857532866307678, 0.009721387716611395, 0.009721387716611395, 0.013918928557145535, 0.009721387716611395], [0.9460949054055341, 0.01081504963029926, 0.009721363453296102, 0.009721363453296102, 0.013925954604278507, 0.009721363453296102], [0.9458365337680487, 0.011076926826861084, 0.00972146262590909, 0.00972146262590909, 0.01392215152736297, 0.00972146262590909], [0.9443480007192235, 0.01257041532001032, 0.009721594295386828, 0.009721594295386828, 0.013916801074605828, 0.009721594295386828], [0.9422100524290338, 0.014708213690062009, 0.009721677519182853, 0.009721677519182853, 0.013916701323355834, 0.009721677519182853], [0.9346442929630051, 0.022234409290955232, 0.009721704794272663, 0.009721704794272663, 0.013956183363221781, 0.009721704794272663], [0.9426364491827869, 0.014283310800398906, 0.009721677590606971, 0.009721677590606971, 0.013915207244993472, 0.009721677590606971], [0.9445627907178489, 0.012356679168199235, 0.009721594329719077, 0.009721594329719077, 0.013915747124794537, 0.009721594329719077], [0.945868395838642, 0.01104464951631447, 0.00972146263624868, 0.00972146263624868, 0.01392256673629755, 0.00972146263624868], [0.9462964908991177, 0.010610547091098658, 0.00972129258129199, 0.00972129258129199, 0.013929084265907764, 0.00972129258129199], [0.946820308560706, 0.01008132156098961, 0.00972109667819932, 0.00972109667819932, 0.01393507984370654, 0.00972109667819932], [0.9471901794216346, 0.00971888211947901, 0.00971888211947901, 0.00971888211947901, 0.01393429210044938, 0.00971888211947901], [0.9471859728228327, 0.009718765384617719, 0.009718765384617719, 0.009718765384617719, 0.013938965638696425, 0.009718765384617719], [0.9469074943627196, 0.009987012708996277, 0.009721036615652628, 0.009721036615652628, 0.013942383081326294, 0.009721036615652628], [0.9465319343851523, 0.01036766903133053, 0.009721180775661914, 0.009721180775661914, 0.013936854256531482, 0.009721180775661914], [0.9462308807839539, 0.010673083327224189, 0.009721292588831632, 0.009721292588831632, 0.013932158122327001, 0.009721292588831632], [0.946073769383082, 0.010839395912413553, 0.009721363444856692, 0.009721363444856692, 0.013922744369934336, 0.009721363444856692], [0.9460105042221362, 0.010903519252880767, 0.009721387728913948, 0.009721387728913948, 0.013921813338241171, 0.009721387728913948], [0.9460347139405079, 0.010871759311276834, 0.009721363466067367, 0.009721363466067367, 0.013929436350013192, 0.009721363466067367], [0.9462193622344689, 0.010684604889796116, 0.00972129258669982, 0.00972129258669982, 0.0139321551156356, 0.00972129258669982], [0.9465106624884444, 0.010389350981187076, 0.009721180767752973, 0.009721180767752973, 0.013936444227109742, 0.009721180767752973], [0.9469206367617988, 0.00998097880909583, 0.009721036586135455, 0.009721036586135455, 0.013935274670699003, 0.009721036586135455], [0.9471767965023756, 0.009719283629075745, 0.009719283629075745, 0.009719283629075745, 0.01394606898132131, 0.009719283629075745], [0.9471761297324159, 0.009719406921461483, 0.009719406921461483, 0.009719406921461483, 0.013946242581738093, 0.009719406921461483], [0.9469952609892222, 0.009899363280118397, 0.009720997904429367, 0.009720997904429367, 0.013942382017371264, 0.009720997904429367], [0.9467766122115918, 0.010128645982410752, 0.009721096661672179, 0.009721096661672179, 0.013931451820980916, 0.009721096661672179], [0.946612688000248, 0.010294783064287457, 0.009721159281386017, 0.009721159281386017, 0.013929051091306627, 0.009721159281386017], [0.9465378129921271, 0.010364030791602172, 0.009721180760096086, 0.009721180760096086, 0.013934613935982568, 0.009721180760096086], [0.9465937067796274, 0.01030737851897849, 0.009721159305239025, 0.009721159305239025, 0.01393543678567705, 0.009721159305239025], [0.9467576004284187, 0.010142030302127339, 0.009721096686928443, 0.009721096686928443, 0.013937079208668665, 0.009721096686928443], [0.947014947876976, 0.009881190828264136, 0.009720997904066716, 0.009720997904066716, 0.013940867582559796, 0.009720997904066716], [0.9471776027425816, 0.009719317311612314, 0.009719317311612314, 0.009719317311612314, 0.013945128010969114, 0.009719317311612314], [0.9471930033780322, 0.009715410467542963, 0.009715410467542963, 0.009715410467542963, 0.013945354751795957, 0.009715410467542963], [0.9472118475010016, 0.009711096621756093, 0.009711096621756093, 0.009711096621756093, 0.013943766011974036, 0.009711096621756093], [0.9472358257702308, 0.009706693030527807, 0.009706693030527807, 0.009706693030527807, 0.013937402107657862, 0.009706693030527807], [0.9472514131931878, 0.009702738837382312, 0.009702738837382312, 0.009702738837382312, 0.013937631457283016, 0.009702738837382312], [0.9472698763808335, 0.009699119762742731, 0.009699119762742731, 0.009699119762742731, 0.013933644568195663, 0.009699119762742731]], [[0.9461640882223145, 0.010745018407558999, 0.0097213395022679, 0.0097213395022679, 0.013926874863322985, 0.0097213395022679], [0.9414188492718406, 0.015511720847801537, 0.009724580858799419, 0.009724580858799419, 0.01389568730395952, 0.009724580858799419], [0.9407025687565577, 0.016232060580747224, 0.009724673789279078, 0.009724673789279078, 0.0138913492948579, 0.009724673789279078], [0.94072773092258, 0.016218480210361565, 0.009724650615872762, 0.009724650615872762, 0.013879837019440289, 0.009724650615872762], [0.9407580731065975, 0.016182428288260626, 0.009724655556320128, 0.009724655556320128, 0.013885531936181592, 0.009724655556320128], [0.03543205014897152, 0.027643921856215253, 0.00974452585856459, 0.00974452585856459, 0.9076904504191194, 0.00974452585856459], [0.9387789847816042, 0.01813741875682197, 0.009724871256590438, 0.009724871256590438, 0.01390898269180247, 0.009724871256590438], [0.9331997645373965, 0.0227557190151487, 0.009789164161121728, 0.009789164161121728, 0.014677023964089571, 0.009789164161121728], [0.9319152576299354, 0.02419578084764829, 0.009776127939753547, 0.009776127939753547, 0.014560577703155674, 0.009776127939753547], [0.9330690236950613, 0.02278469712634334, 0.009795318899139014, 0.009795318899139014, 0.014760322481178178, 0.009795318899139014], [0.9388759736794081, 0.018032839477175162, 0.009724889537062149, 0.009724889537062149, 0.013916518232230272, 0.009724889537062149], [0.035379112621795515, 0.027438386619082232, 0.009744554317026458, 0.009744554317026458, 0.9079488378080429, 0.009744554317026458], [0.0352245088770279, 0.025513838475195963, 0.009743996327175828, 0.009743996327175828, 0.9100296636662487, 0.009743996327175828], [0.9425270796281429, 0.014387500596579806, 0.009724218615785747, 0.009724218615785747, 0.013912763927920126, 0.009724218615785747], [0.9433216410336487, 0.013581990205933665, 0.009723958736330574, 0.009723958736330574, 0.013924492551425988, 0.009723958736330574], [0.9430953058592199, 0.013807562449331014, 0.009724035654046143, 0.009724035654046143, 0.01392502472931086, 0.009724035654046143], [0.9423126857798246, 0.014581377834464117, 0.009724303781648248, 0.009724303781648248, 0.01393302504076654, 0.009724303781648248], [0.03521096712556508, 0.025470179095975314, 0.009743958849695547, 0.009743958849695547, 0.9100869772293728, 0.009743958849695547], [0.9413211847461728, 0.01559458570044583, 0.009724622087172207, 0.009724622087172207, 0.013910363291864552, 0.009724622087172207], [0.9404152521203898, 0.016508718226643654, 0.009724703557535366, 0.009724703557535366, 0.013901918980360316, 0.009724703557535366], [0.9404098411832632, 0.01652637128207402, 0.009724673122717672, 0.009724673122717672, 0.013889768166509648, 0.009724673122717672], [0.9403780389908843, 0.01654618941214301, 0.009724683551394938, 0.009724683551394938, 0.013901720942787844, 0.009724683551394938], [0.035274219065547896, 0.026264158020779416, 0.00974424042115719, 0.00974424042115719, 0.9092289016502012, 0.00974424042115719], [0.9417322057209498, 0.015177635255814713, 0.009724454095004572, 0.009724454095004572, 0.013916796738221894, 0.009724454095004572], [0.9423118160686809, 0.01459002827097672, 0.009724264505121665, 0.009724264505121665, 0.013925362144977384, 0.009724264505121665], [0.9428476886616136, 0.014046890479257626, 0.009724041096338332, 0.009724041096338332, 0.01393329757011381, 0.009724041096338332], [0.035291084125970346, 0.02362207477736167, 0.009743150532602102, 0.009743150532602102, 0.9118573894988617, 0.009743150532602102], [0.9423118160686809, 0.01459002827097672, 0.009724264505121665, 0.009724264505121665, 0.013925362144977384, 0.009724264505121665], [0.9419816930284507, 0.014942555906737152, 0.009724340464231073, 0.009724340464231073, 0.013902729672118959, 0.009724340464231073], [0.9417296544719587, 0.015199592307586328, 0.009724421747665704, 0.009724421747665704, 0.013897487977457863, 0.009724421747665704], [0.9415906707479325, 0.015325751953307576, 0.009724501072195862, 0.009724501072195862, 0.013910074082172298, 0.009724501072195862], [0.035262150474475, 0.025626034837534326, 0.009744001973820585, 0.009744001973820585, 0.9098798087665289, 0.009744001973820585], [0.9419397396117132, 0.014973558393639947, 0.009724387440626078, 0.009724387440626078, 0.013913539672768828, 0.009724387440626078], [0.942370846776338, 0.014540607225069809, 0.009724244011560593, 0.009724244011560593, 0.013915813963910457, 0.009724244011560593], [0.035324999183531935, 0.02361192211038751, 0.009743155669005675, 0.009743155669005675, 0.9118336116990636, 0.009743155669005675], [0.035363539522955664, 0.022579851321247523, 0.009742722410511924, 0.009742722410511924, 0.9128284419242609, 0.009742722410511924], [0.9441278299051715, 0.012755384399344885, 0.009723664655576406, 0.009723664655576406, 0.013945791728754263, 0.009723664655576406], [0.9460610179376759, 0.01081047433091685, 0.009722917695995991, 0.009722917695995991, 0.013959754643419173, 0.009722917695995991], [0.9466134895450006, 0.010250442310798732, 0.00972272047254295, 0.00972272047254295, 0.013967906726571822, 0.00972272047254295], [0.9472584902914123, 0.009700943530142173, 0.009700943530142173, 0.009700943530142173, 0.013937735588019024, 0.009700943530142173]], [[0.9458433120281537, 0.011070146828626856, 0.009721462627180452, 0.009721462627180452, 0.013922153261678172, 0.009721462627180452], [0.03551602724591482, 0.029335174136276405, 0.009744766771793034, 0.009744766771793034, 0.9059144983024298, 0.009744766771793034], [0.9315749216103081, 0.02523097026369099, 0.009721676433774971, 0.009721676433774971, 0.014029078824676034, 0.009721676433774971], [0.9107385369045943, 0.04596536544964069, 0.009721701328327077, 0.009721701328327077, 0.01413099366078377, 0.009721701328327077], [0.9350247275338684, 0.021807240367792434, 0.009721676881755329, 0.009721676881755329, 0.014003001453073222, 0.009721676881755329], [0.9417755959316131, 0.015088280938507769, 0.009721594388551852, 0.009721594388551852, 0.013971339964223539, 0.009721594388551852], [0.9178771192640125, 0.038844213542547454, 0.009721702588746215, 0.009721702588746215, 0.014113559427201475, 0.009721702588746215], [0.8574105151778681, 0.09922378816978779, 0.009721779076949278, 0.009721779076949278, 0.014200359421496282, 0.009721779076949278], [0.3205344199231944, 0.6355005788782242, 0.009743371131996713, 0.009743371131996713, 0.014734887802591131, 0.009743371131996713], [0.8511208991842238, 0.10548506897809233, 0.00972177796200255, 0.00972177796200255, 0.01422869795167621, 0.00972177796200255], [0.9096358903798248, 0.04704329340126101, 0.009721701252160915, 0.009721701252160915, 0.014155712462431401, 0.009721701252160915], [0.9438835204083962, 0.012971325029384924, 0.00972156776827151, 0.00972156776827151, 0.013980451257404351, 0.00972156776827151], [0.9456561318689372, 0.011191326789285241, 0.009721388350187748, 0.009721388350187748, 0.01398837629121438, 0.009721388350187748], [0.9462381244778345, 0.010602823211203486, 0.009721181329494233, 0.009721181329494233, 0.01399550832247922, 0.009721181329494233], [0.6124857230958864, 0.19832050972479673, 0.020889847797718183, 0.013971095044645042, 0.14442508080569236, 0.009907743531261348], [0.03563239588984098, 0.017393691500989548, 0.00973673521472787, 0.00973673521472787, 0.9177637069649858, 0.00973673521472787], [0.035489568138920874, 0.018455102905932004, 0.00973716869859772, 0.00973716869859772, 0.916843822859354, 0.00973716869859772], [0.9445497650573287, 0.012273387515677622, 0.009721463291879692, 0.009721463291879692, 0.014012457551354565, 0.009721463291879692], [0.035718861991063756, 0.03113007370057839, 0.009737892158874887, 0.009737892158874887, 0.9039373878317332, 0.009737892158874887], [0.9205333898384708, 0.03625706742140491, 0.009721674462146588, 0.009721674462146588, 0.01404451935368461, 0.009721674462146588], [0.8706266842725172, 0.08603565687270265, 0.009721693949303672, 0.009721693949303672, 0.014172577006869037, 0.009721693949303672], [0.9230543630543457, 0.03375430160834686, 0.009721674821941029, 0.009721674821941029, 0.014026310871484374, 0.009721674821941029], [0.9392620833105628, 0.017582781646616356, 0.009721594089399712, 0.009721594089399712, 0.013990352774621682, 0.009721594089399712], [0.9449533328858468, 0.011879555349162562, 0.00972146327391652, 0.00972146327391652, 0.014002721943241097, 0.00972146327391652], [0.035500834268287665, 0.018604553276327738, 0.009737169422644005, 0.009737169422644005, 0.9166831041874525, 0.009737169422644005], [0.035501304884729516, 0.017782960851855635, 0.009736736429473954, 0.009736736429473954, 0.9175055249749929, 0.009736736429473954], [0.03548759839893203, 0.018205888097581766, 0.009736922562079003, 0.009736922562079003, 0.9170957458172493, 0.009736922562079003], [0.9450959226096188, 0.011724055861053692, 0.009721340197023715, 0.009721340197023715, 0.014016000938256522, 0.009721340197023715], [0.9450522186725082, 0.011789025669350446, 0.009721463216329768, 0.009721463216329768, 0.013994366009152057, 0.009721463216329768], [0.9432797358881381, 0.013580121270049152, 0.009721540763185522, 0.009721540763185522, 0.013975520552256147, 0.009721540763185522], [0.9429604995157713, 0.013882212953645641, 0.009721567673784908, 0.009721567673784908, 0.013992584509228488, 0.009721567673784908], [0.0356967302147953, 0.022854594982635968, 0.009737734199738583, 0.009737734199738583, 0.912235472203353, 0.009737734199738583], [0.9450567545660845, 0.011781565538354098, 0.0097214632437372, 0.0097214632437372, 0.013997290164349826, 0.0097214632437372], [0.9453795110256958, 0.01145669171747152, 0.009721340126053852, 0.009721340126053852, 0.013999776878671148, 0.009721340126053852], [0.9452136799702735, 0.01160906419999153, 0.00972118135141947, 0.00972118135141947, 0.014013711775476433, 0.00972118135141947], [0.03554996376719467, 0.017358769029961824, 0.009736518185142016, 0.009736518185142016, 0.9178817126474175, 0.009736518185142016], [0.9467757493314187, 0.01004138613716888, 0.009720803758026354, 0.009720803758026354, 0.014020453257333476, 0.009720803758026354], [0.9471255941970842, 0.009717271439454934, 0.009717271439454934, 0.009717271439454934, 0.014005320045096076, 0.009717271439454934], [0.946369867299003, 0.010497398456169607, 0.009722807441755405, 0.009722807441755405, 0.013964311919561151, 0.009722807441755405], [0.9472523414199072, 0.009702503366275782, 0.009702503366275782, 0.009702503366275782, 0.013937645114989666, 0.009702503366275782]], [[0.945179560118266, 0.011735209081841908, 0.009721540594161771, 0.009721540594161771, 0.013920609017406877, 0.009721540594161771], [0.9381702746309374, 0.018721587358317443, 0.009724939461629384, 0.009724939461629384, 0.013933319625856965, 0.009724939461629384], [0.0382455456887999, 0.1303692108232873, 0.009738764503362743, 0.009738764503362743, 0.8021689499778246, 0.009738764503362743], [0.8548860245369176, 0.10167922572639143, 0.009721778653482184, 0.009721778653482184, 0.014269413776244445, 0.009721778653482184], [0.8742363967545521, 0.08245442587002355, 0.009721752595060827, 0.009721752595060827, 0.014143919590242011, 0.009721752595060827], [0.9383129898550839, 0.018541313860803484, 0.009721677417334696, 0.009721677417334696, 0.013980664032108403, 0.009721677417334696], [0.9358117769781709, 0.020982554271783038, 0.009721676971501347, 0.009721676971501347, 0.014040637835542134, 0.009721676971501347], [0.8656659867815549, 0.09086345187804722, 0.009721750857740121, 0.009721750857740121, 0.014305308767177605, 0.009721750857740121], [0.8471891336491012, 0.10930471241098429, 0.0097217770496475, 0.0097217770496475, 0.014340822790972048, 0.0097217770496475], [0.8623821387143081, 0.09428941517993668, 0.009721750445604464, 0.009721750445604464, 0.01416319476894191, 0.009721750445604464], [0.9363241550516228, 0.02052360364829251, 0.009721677104111497, 0.009721677104111497, 0.013987209987750214, 0.009721677104111497], [0.9445486246718419, 0.0123252306825817, 0.00972154100473584, 0.00972154100473584, 0.01396152163136892, 0.00972154100473584], [0.5982569413831313, 0.21555491491898002, 0.02096849288298794, 0.014244575118812625, 0.14106748916008408, 0.009907586536004131], [0.6053837309291856, 0.2069239605909149, 0.0209290199600287, 0.014107573303393732, 0.14274805009984898, 0.009907665116628248], [0.6131523150878155, 0.1975132062535956, 0.02088616892214776, 0.013958294627223693, 0.14458226422775555, 0.009907750881461992], [0.9460934283689691, 0.010734507001778576, 0.009721159948508813, 0.009721159948508813, 0.014008584783725726, 0.009721159948508813], [0.9451366838198569, 0.011698850181386408, 0.009721364034575236, 0.009721364034575236, 0.014000373895030975, 0.009721364034575236], [0.035666112298029067, 0.02272235318028497, 0.009737733435258994, 0.009737733435258994, 0.912398334215909, 0.009737733435258994], [0.9194071617398638, 0.037374135855645634, 0.009721674319592253, 0.009721674319592253, 0.014053679445713663, 0.009721674319592253], [0.03804503546220509, 0.1815898985958743, 0.00973901286166294, 0.00973901286166294, 0.7511480273569318, 0.00973901286166294], [0.7486651420148952, 0.20788996929871187, 0.009721758371397835, 0.009721758371397835, 0.014279613572199562, 0.009721758371397835], [0.7686802609981107, 0.18793223277392548, 0.00972173249433794, 0.00972173249433794, 0.014222308744950058, 0.00972173249433794], [0.9230543630543457, 0.03375430160834686, 0.009721674821941029, 0.009721674821941029, 0.014026310871484374, 0.009721674821941029], [0.9428250945234177, 0.014016603390269614, 0.009721540900157944, 0.009721540900157944, 0.013993679385838974, 0.009721540900157944], [0.9452114573759743, 0.011617903370655764, 0.009721364103741815, 0.009721364103741815, 0.014006546942144437, 0.009721364103741815], [0.9453504325444594, 0.011474313849663624, 0.009721159860206363, 0.009721159860206363, 0.014011774025257988, 0.009721159860206363], [0.9447254934411158, 0.012103097347962496, 0.009721325731736475, 0.009721325731736475, 0.014007432015712216, 0.009721325731736475], [0.03547298950718265, 0.019873326934429995, 0.009737547611930821, 0.009737547611930821, 0.9154410407225949, 0.009737547611930821], [0.9360603687020516, 0.020782873663409605, 0.009721593504447878, 0.009721593504447878, 0.013991977121195417, 0.009721593504447878], [0.9274717475979081, 0.029336629480869656, 0.00972167565812263, 0.00972167565812263, 0.014026595946854337, 0.00972167565812263], [0.8785351833678069, 0.07811242120325326, 0.009721695566625305, 0.009721695566625305, 0.014187308729063966, 0.009721695566625305], [0.9283909031673383, 0.02841707772332573, 0.00972167583473767, 0.00972167583473767, 0.014026991605123034, 0.00972167583473767], [0.9394103772972082, 0.017436935046510695, 0.009721594094979689, 0.009721594094979689, 0.013987905371341997, 0.009721594094979689], [0.9451894586452275, 0.011660722441350186, 0.009721463183015793, 0.009721463183015793, 0.013985429364375046, 0.009721463183015793], [0.03551177148285258, 0.018567818733976133, 0.009737169330038637, 0.009737169330038637, 0.9167089017930554, 0.009737169330038637], [0.9461241445244662, 0.010713043814298178, 0.009721097240680918, 0.009721097240680918, 0.01399951993919275, 0.009721097240680918], [0.9466181800595033, 0.010206934924514858, 0.009720888602351133, 0.009720888602351133, 0.01401221920892859, 0.009720888602351133], [0.9471181478188633, 0.009719160561750607, 0.009719160561750607, 0.009719160561750607, 0.014005209934134233, 0.009719160561750607], [0.9461808516274516, 0.010689000752051548, 0.009722874917301531, 0.009722874917301531, 0.013961522868592353, 0.009722874917301531], [0.947247568657499, 0.009703714113199882, 0.009703714113199882, 0.009703714113199882, 0.013937574889701475, 0.009703714113199882]], [[0.9451535945834756, 0.011763672410504893, 0.009721567525309708, 0.009721567525309708, 0.013918030430090503, 0.009721567525309708], [0.037620070322901995, 0.03861347106703603, 0.009756443164132229, 0.009756443164132229, 0.8944971291176652, 0.009756443164132229], [0.820542489060191, 0.13596431376341198, 0.009721772340411883, 0.009721772340411883, 0.01432788015516134, 0.009721772340411883], [0.3255512175558034, 0.6305329985851382, 0.0097433746752138, 0.0097433746752138, 0.01468565983341697, 0.0097433746752138], [0.582624750708939, 0.23488553284322303, 0.020968158415581858, 0.014468473957003574, 0.1371456840522359, 0.009907400023016662], [0.9273721051452676, 0.029345662521093264, 0.009721704192115327, 0.009721704192115327, 0.014117119757293116, 0.009721704192115327], [0.5903648952592785, 0.22511015501634168, 0.021011906591437247, 0.014395829827766214, 0.13920971367326876, 0.009907499631907738], [0.03563389178365071, 0.02566874872311818, 0.009738047689550408, 0.009738047689550408, 0.90948321642458, 0.009738047689550408], [0.9171797614369175, 0.039435543458636244, 0.009721702598948398, 0.009721702598948398, 0.01421958730760125, 0.009721702598948398], [0.9349006530153576, 0.021862305619313602, 0.009721676973088327, 0.009721676973088327, 0.01407201044606365, 0.009721676973088327], [0.9424747266972622, 0.014349108448477567, 0.009721594560367856, 0.009721594560367856, 0.014011381173156841, 0.009721594560367856], [0.5951718263766835, 0.219513740384506, 0.020963932765729765, 0.014294046727302778, 0.14014891245306782, 0.00990754129271017], [0.945918944848252, 0.010925499187783943, 0.009721293191551201, 0.009721293191551201, 0.013991676389310481, 0.009721293191551201], [0.6075985202297806, 0.20423913490096834, 0.020916927479270493, 0.01406505693571963, 0.14327267081042122, 0.0099076896438398], [0.9467801721220858, 0.010048235350461421, 0.009720960865524519, 0.009720960865524519, 0.014008709930879455, 0.009720960865524519], [0.9461177940619079, 0.010718667942677562, 0.0097211813499255, 0.0097211813499255, 0.013999993945638119, 0.0097211813499255], [0.03548444902490305, 0.01880537844732087, 0.009737378663258522, 0.009737378663258522, 0.9164980365380005, 0.009737378663258522], [0.9434141476274245, 0.01343663455658633, 0.009721567688981326, 0.009721567688981326, 0.013984514749045121, 0.009721567688981326], [0.8663336929029818, 0.09031098436961385, 0.009721693230357122, 0.009721693230357122, 0.014190243036332964, 0.009721693230357122], [0.7407536374245399, 0.21578541128371748, 0.009721756901922224, 0.009721756901922224, 0.014295680585976037, 0.009721756901922224], [0.21800254373836514, 0.7383432122574718, 0.009743319464815424, 0.009743319464815424, 0.014424285609716881, 0.009743319464815424], [0.039884837379560625, 0.23892367567696324, 0.009739370346194407, 0.009739370346194407, 0.6919733759048929, 0.009739370346194407], [0.8592679761589622, 0.09737442816757082, 0.009721691940813543, 0.009721691940813543, 0.014192519851026549, 0.009721691940813543], [0.9425493455576337, 0.014288066108915918, 0.009721567645031508, 0.009721567645031508, 0.013997885398355841, 0.009721567645031508], [0.9451482513284148, 0.01168197318204548, 0.009721388387198125, 0.009721388387198125, 0.014005610327945294, 0.009721388387198125], [0.9458433468912679, 0.010989799527166184, 0.009721181344218127, 0.009721181344218127, 0.014003309548911456, 0.009721181344218127], [0.035467176092441995, 0.018892717348542726, 0.009737325792605415, 0.009737325792605415, 0.9164281291811991, 0.009737325792605415], [0.03562134512953451, 0.023316027189901615, 0.009737736013338253, 0.009737736013338253, 0.9118494196405491, 0.009737736013338253], [0.036154465626127945, 0.053611930463337835, 0.009738187224498204, 0.009738187224498204, 0.8810190422370395, 0.009738187224498204], [0.038038003402215546, 0.17028790758523374, 0.009738957764063014, 0.009738957764063014, 0.7624572157203615, 0.009738957764063014], [0.7941016033287982, 0.16248246026590324, 0.009721767021644083, 0.009721767021644083, 0.014250635340366165, 0.009721767021644083], [0.03814058502867652, 0.14840438449124144, 0.009738851643788321, 0.009738851643788321, 0.7842384755487171, 0.009738851643788321], [0.9271245378954035, 0.029675391727106343, 0.009721675658501508, 0.009721675658501508, 0.01403504340198564, 0.009721675658501508], [0.03567893397527857, 0.022815163699928222, 0.009737733948932107, 0.009737733948932107, 0.9122927004779968, 0.009737733948932107], [0.9454296284287192, 0.011417036155278226, 0.009721364008884794, 0.009721364008884794, 0.01398924338934803, 0.009721364008884794], [0.9460174084671802, 0.010826524151024518, 0.00972115982724188, 0.00972115982724188, 0.013992587900069794, 0.00972115982724188], [0.9464780964420858, 0.010348930685914767, 0.009720942412183986, 0.009720942412183986, 0.014010145635447563, 0.009720942412183986], [0.9470453861774031, 0.009773897907862593, 0.009720724463975941, 0.009720724463975941, 0.01401854252280657, 0.009720724463975941], [0.9460212225937286, 0.010840253703946251, 0.009722956962413307, 0.009722956962413307, 0.013969652815085226, 0.009722956962413307], [0.9472445418199461, 0.009704481956629622, 0.009704481956629622, 0.009704481956629622, 0.013937530353535356, 0.009704481956629622]], [[0.9451868781156278, 0.011735230055158042, 0.00972154081608587, 0.00972154081608587, 0.013913269380956484, 0.00972154081608587], [0.9381935396826897, 0.018721904421593796, 0.009724956327138592, 0.009724956327138592, 0.013909686914300732, 0.009724956327138592], [0.0379389740790945, 0.12266481319734697, 0.0097387251331176, 0.0097387251331176, 0.8101800373242057, 0.0097387251331176], [0.8496007253718042, 0.10703097769517676, 0.00972177791196507, 0.00972177791196507, 0.014202963197123896, 0.00972177791196507], [0.8868196497631287, 0.06991864406876402, 0.009721755184163869, 0.009721755184163869, 0.014096440615615777, 0.009721755184163869], [0.5875498394410273, 0.22852035522242264, 0.02102692530350424, 0.014449330596348883, 0.13854608084654602, 0.009907468590150943], [0.5921898397123775, 0.22289953142853253, 0.021002103443362174, 0.014361069884643321, 0.13963993577258377, 0.009907519758500781], [0.9448374485523139, 0.012029526063604773, 0.00972154093257438, 0.00972154093257438, 0.013968402586358328, 0.00972154093257438], [0.035520051648374566, 0.019792967588918083, 0.009737776185098359, 0.009737776185098359, 0.9154736522074123, 0.009737776185098359], [0.5924143205252524, 0.2228521812800088, 0.020976372227512138, 0.01434346504941728, 0.139506149581244, 0.00990751133656545], [0.03524811762497414, 0.018655884544617998, 0.009737539914782004, 0.009737539914782004, 0.9168833780860618, 0.009737539914782004], [0.03523634291142809, 0.018129673630183297, 0.009737267957284251, 0.009737267957284251, 0.9174221795865358, 0.009737267957284251], [0.9461951566591255, 0.010644949551364136, 0.009721181370683295, 0.009721181370683295, 0.013996349677460548, 0.009721181370683295], [0.035574138802192914, 0.016924091958926146, 0.009736516219453954, 0.009736516219453954, 0.9182922205805191, 0.009736516219453954], [0.9466399762500602, 0.010180436215718654, 0.009720942463200502, 0.009720942463200502, 0.014016760144619517, 0.009720942463200502], [0.03547781939443227, 0.017716665537566397, 0.009736873180075536, 0.009736873180075536, 0.9175948955277746, 0.009736873180075536], [0.9451366838198569, 0.011698850181386408, 0.009721364034575236, 0.009721364034575236, 0.014000373895030975, 0.009721364034575236], [0.9435237204987315, 0.013326097541221878, 0.009721540960350461, 0.009721540960350461, 0.01398555907899532, 0.009721540960350461], [0.9264729326025583, 0.030345748217234843, 0.009721675367643588, 0.009721675367643588, 0.014016293077276103, 0.009721675367643588], [0.03804091810128286, 0.17874277554128504, 0.00973899896089302, 0.00973899896089302, 0.7539993094747529, 0.00973899896089302], [0.039899140383704644, 0.23336782261063588, 0.009739343287007466, 0.009739343287007466, 0.697515007144637, 0.009739343287007466], [0.754585721709103, 0.20198902090023185, 0.009721729898204504, 0.009721729898204504, 0.01426006769605173, 0.009721729898204504], [0.9180610982395899, 0.03872367625693541, 0.009721674065733484, 0.009721674065733484, 0.014050203306274383, 0.009721674065733484], [0.03563517351542962, 0.02316419807514222, 0.009737735358499764, 0.009737735358499764, 0.9119874223339288, 0.009737735358499764], [0.03546740605495337, 0.018937532277241792, 0.009737326005848857, 0.009737326005848857, 0.9163830836502583, 0.009737326005848857], [0.945690704751966, 0.011134657942970723, 0.009721181387545465, 0.009721181387545465, 0.014011093142426915, 0.009721181387545465], [0.9451378619533941, 0.01169486674484292, 0.009721388362510313, 0.009721388362510313, 0.014003106214232104, 0.009721388362510313], [0.9422277878417112, 0.014609983779837162, 0.009721567581668205, 0.009721567581668205, 0.013997525633446932, 0.009721567581668205], [0.8880676779756982, 0.06859125935515455, 0.009721697312164409, 0.009721697312164409, 0.01417597073265397, 0.009721697312164409], [0.7964645927103506, 0.16011668006043014, 0.009721767482330406, 0.009721767482330406, 0.01425342478222799, 0.009721767482330406], [0.24369841524769426, 0.712609544974613, 0.009743332639997743, 0.009743332639997743, 0.014462041857699535, 0.009743332639997743], [0.8121801826364486, 0.14439180587268935, 0.0097217705191083, 0.0097217705191083, 0.01426269993353717, 0.0097217705191083], [0.037850179385782806, 0.11491941623471914, 0.009738558008120147, 0.009738558008120147, 0.8180147303551375, 0.009738558008120147], [0.9425691782097547, 0.014273906014719076, 0.009721567597276038, 0.009721567597276038, 0.013992212983697988, 0.009721567597276038], [0.9453844268949659, 0.011463094019093387, 0.009721388295855837, 0.009721388295855837, 0.013988314198373215, 0.009721388295855837], [0.9459615495659415, 0.010883144900402982, 0.0097211812817388, 0.0097211812817388, 0.013991761688439235, 0.0097211812817388], [0.9463667281965086, 0.010455992936256852, 0.009720960884398288, 0.009720960884398288, 0.014014396214039628, 0.009720960884398288], [0.03562717863298179, 0.01611121159218781, 0.009735945540794093, 0.009735945540794093, 0.9190537731524482, 0.009735945540794093], [0.9447526490783378, 0.012126056275360581, 0.009723458177010105, 0.009723458177010105, 0.013950920115271331, 0.009723458177010105], [0.9472435045260886, 0.00970474509571762, 0.00970474509571762, 0.00970474509571762, 0.01393751509104084, 0.00970474509571762]], [[0.9458634009960241, 0.011057089809780336, 0.009721462841532027, 0.009721462841532027, 0.013915120669599497, 0.009721462841532027], [0.035377051933037286, 0.028845375311307094, 0.009744738985135589, 0.009744738985135589, 0.9065433558002488, 0.009744738985135589], [0.03599649270342986, 0.03814133789554935, 0.009738112319708697, 0.009738112319708697, 0.8966478324418947, 0.009738112319708697], [0.9186866024974905, 0.03803045001389139, 0.009721704347377886, 0.009721704347377886, 0.014117834446484498, 0.009721704347377886], [0.9407867557425456, 0.016088898478189798, 0.009721678591595347, 0.009721678591595347, 0.013959310004478831, 0.009721678591595347], [0.5903716764169705, 0.22510516826473873, 0.021011769090264754, 0.014395735217496883, 0.13920815142370918, 0.009907499586819985], [0.5948523831253641, 0.21967787801290353, 0.020987353201720935, 0.014310025800798612, 0.1402648108621275, 0.009907548997085253], [0.5982530116503412, 0.215556573770835, 0.020968679855437506, 0.014244701696749424, 0.14106944642893426, 0.009907586597702774], [0.5974139257823253, 0.21657142795350018, 0.020973411550114427, 0.014260858676254677, 0.14087279863872634, 0.009907577399078956], [0.03538724034726911, 0.018232774273421442, 0.00973732161980759, 0.00973732161980759, 0.9171680205198867, 0.00973732161980759], [0.9456567888793732, 0.011159355704050196, 0.009721293068394133, 0.009721293068394133, 0.014019976211394324, 0.009721293068394133], [0.9461551953231989, 0.010656394598886433, 0.009721181303295579, 0.009721181303295579, 0.014024866168028048, 0.009721181303295579], [0.9465305981285526, 0.010275859664500078, 0.009721037146692433, 0.009721037146692433, 0.014030430766869984, 0.009721037146692433], [0.946962981857249, 0.009837564820981028, 0.009720871109122411, 0.009720871109122411, 0.01403683999440282, 0.009720871109122411], [0.9463657245281784, 0.01041014798030543, 0.009720922613966228, 0.009720922613966228, 0.014061359649617656, 0.009720922613966228], [0.035261346557009965, 0.017124696577125148, 0.009736731553093682, 0.009736731553093682, 0.9184037622065839, 0.009736731553093682], [0.035416328765537505, 0.018199867528403788, 0.009737166917587803, 0.009737166917587803, 0.9171723029532954, 0.009737166917587803], [0.9453531690128922, 0.011498007531900582, 0.009721463182623874, 0.009721463182623874, 0.013984433907335453, 0.009721463182623874], [0.9409947919612477, 0.015862459292314564, 0.009721594305071569, 0.009721594305071569, 0.0139779658312232, 0.009721594305071569], [0.9214369974102878, 0.03534333171993594, 0.009721674710269752, 0.009721674710269752, 0.014054646738966961, 0.009721674710269752], [0.856125506213416, 0.1004949344846292, 0.009721691424814305, 0.009721691424814305, 0.014214485027511981, 0.009721691424814305], [0.9187081079597176, 0.03807352316491894, 0.009721674185047088, 0.009721674185047088, 0.014053346320222244, 0.009721674185047088], [0.03573069382132581, 0.030247445281736455, 0.009737887972533445, 0.009737887972533445, 0.9048081969793373, 0.009737887972533445], [0.944091860068448, 0.012731670493057444, 0.00972149900394722, 0.00972149900394722, 0.014011972426652877, 0.00972149900394722], [0.9445111056885849, 0.012321557080225067, 0.009721328992585458, 0.009721328992585458, 0.014003350253433787, 0.009721328992585458], [0.03551922331686176, 0.018493852245111804, 0.009736877122123497, 0.009736877122123497, 0.9167762930716559, 0.009736877122123497], [0.9452010673159458, 0.01163079778579305, 0.009721364079048594, 0.009721364079048594, 0.014004042661115412, 0.009721364079048594], [0.9428021245284669, 0.01404247122501633, 0.009721540869574939, 0.009721540869574939, 0.01399078163779191, 0.009721540869574939], [0.9262883037118381, 0.030509943256635284, 0.009721675513764835, 0.009721675513764835, 0.014036726490232186, 0.009721675513764835], [0.8058573357153522, 0.15073902569442232, 0.00972173964941698, 0.00972173964941698, 0.01423841964197456, 0.00972173964941698], [0.7979565913069049, 0.15862894965019586, 0.009721767755580075, 0.009721767755580075, 0.014249155776159123, 0.009721767755580075], [0.03815963051569278, 0.160398905546925, 0.009738910214101674, 0.009738910214101674, 0.7722247332950772, 0.009738910214101674], [0.926822879330872, 0.029974001563117424, 0.009721675625346177, 0.009721675625346177, 0.014038092229972049, 0.009721675625346177], [0.03567739645445712, 0.022918057763287272, 0.009737734401718087, 0.009737734401718087, 0.9121913425771013, 0.009737734401718087], [0.945502747433966, 0.011348428768552129, 0.009721363980261086, 0.009721363980261086, 0.013984731856698806, 0.009721363980261086], [0.9460174084671802, 0.010826524151024518, 0.00972115982724188, 0.00972115982724188, 0.013992587900069794, 0.00972115982724188], [0.03559345758301773, 0.01701347025094657, 0.009736393828383974, 0.009736393828383974, 0.9181838906808837, 0.009736393828383974], [0.9468208594569025, 0.009985477840677043, 0.009720724583978244, 0.009720724583978244, 0.014031488950485877, 0.009720724583978244], [0.9459983607159987, 0.010859318166895908, 0.009722966540043823, 0.009722966540043823, 0.013973421496973925, 0.009722966540043823], [0.9472210455905918, 0.009708763248428176, 0.009708763248428176, 0.009708763248428176, 0.013943901415695325, 0.009708763248428176]], [[0.9461862626396436, 0.010728124153360066, 0.009721339713762326, 0.009721339713762326, 0.01392159406570943, 0.009721339713762326], [0.9413922201649899, 0.015540816773414774, 0.009724624260340856, 0.009724624260340856, 0.013893090280572885, 0.009724624260340856], [0.9436899820675838, 0.013168554021353057, 0.009721541851134455, 0.009721541851134455, 0.0139768383576598, 0.009721541851134455], [0.9440819297794764, 0.012791594935420446, 0.00972156840400754, 0.00972156840400754, 0.013961770073080599, 0.00972156840400754], [0.944263587944907, 0.012615727514814906, 0.009721541611878324, 0.009721541611878324, 0.013956059704643118, 0.009721541611878324], [0.9456219963580949, 0.011230080901597234, 0.009721463747132125, 0.009721463747132125, 0.01398353149891151, 0.009721463747132125], [0.9459336414921267, 0.01092002825726556, 0.009721340632884866, 0.009721340632884866, 0.013982308351953084, 0.009721340632884866], [0.5982570391593139, 0.21555467908043094, 0.020968496925978176, 0.014244577446850119, 0.14106762085028537, 0.00990758653714148], [0.5974158979517717, 0.21657036209013542, 0.020973315883675965, 0.014260793627917247, 0.14087205307903786, 0.009907577367461867], [0.9458585555288928, 0.010995653457841299, 0.009721364438093658, 0.009721364438093658, 0.013981697698985085, 0.009721364438093658], [0.03523374861291407, 0.017932842109800787, 0.009737164282414166, 0.009737164282414166, 0.9176219164300428, 0.009737164282414166], [0.9462399016938402, 0.01058043619340029, 0.009721181259068325, 0.009721181259068325, 0.014016118335554486, 0.009721181259068325], [0.9466497718310217, 0.010170871803912821, 0.009721037071169985, 0.009721037071169985, 0.014016245151555489, 0.009721037071169985], [0.03531394970210739, 0.016087807108418475, 0.009736231266478833, 0.009736231266478833, 0.9193895493900376, 0.009736231266478833], [0.03531464590538025, 0.01578339165173077, 0.009736081937690766, 0.009736081937690766, 0.9196937166298166, 0.009736081937690766], [0.9462295831601458, 0.010597437590046029, 0.009720998520718073, 0.009720998520718073, 0.014009983687654026, 0.009720998520718073], [0.9457440793466642, 0.011089443572983746, 0.009721181372709173, 0.009721181372709173, 0.0140029329622245, 0.009721181372709173], [0.9455063029593782, 0.011328267351584381, 0.00972134014027409, 0.00972134014027409, 0.01400140926821505, 0.00972134014027409], [0.9453334131628515, 0.011517770237597563, 0.009721463178899818, 0.009721463178899818, 0.013984427062851483, 0.009721463178899818], [0.9434847020776911, 0.013366181222724873, 0.009721540939813741, 0.009721540939813741, 0.013984493880142853, 0.009721540939813741], [0.03565892740419861, 0.02289913470521361, 0.009737792725174579, 0.009737792725174579, 0.912228559715064, 0.009737792725174579], [0.942271486482362, 0.014556540718553945, 0.009721540920975621, 0.009721540920975621, 0.014007350036157185, 0.009721540920975621], [0.944827596770463, 0.011996743910893433, 0.009721463328264903, 0.009721463328264903, 0.014011269333848811, 0.009721463328264903], [0.03546115208071179, 0.018891852302012655, 0.009737273320681498, 0.009737273320681498, 0.9164351756552311, 0.009737273320681498], [0.03552016923044232, 0.018692889516420858, 0.009736925076767959, 0.009736925076767959, 0.916576166022833, 0.009736925076767959], [0.03548706460416614, 0.018040688909188748, 0.009736874771824389, 0.009736874771824389, 0.9172616221711719, 0.009736874771824389], [0.03545703123835792, 0.0