[[[0.9472199778505319, 0.009709413809492607, 0.009709413809492607, 0.009709413809492607, 0.013942366911497679, 0.009709413809492607], [0.9472101145745098, 0.009711903446122987, 0.009711903446122987, 0.009711903446122987, 0.01394227164099834, 0.009711903446122987], [0.9472023214585378, 0.009713880402422697, 0.009713880402422697, 0.009713880402422697, 0.013942156931771588, 0.009713880402422697], [0.9471849807511619, 0.00971855548780055, 0.00971855548780055, 0.00971855548780055, 0.013940797297635966, 0.00971855548780055], [0.9471737340772296, 0.009719622369176015, 0.009719622369176015, 0.009719622369176015, 0.01394777644606632, 0.009719622369176015], [0.9471716407955446, 0.009719602703359958, 0.009719602703359958, 0.009719602703359958, 0.013949948391015479, 0.009719602703359958], [0.9472000432207887, 0.00971401143355444, 0.00971401143355444, 0.00971401143355444, 0.013943911044993648, 0.00971401143355444], [0.9472078364198753, 0.009712034452493237, 0.009712034452493237, 0.009712034452493237, 0.013944025770151858, 0.009712034452493237], [0.9472201547177891, 0.009709356464328113, 0.009709356464328113, 0.009709356464328113, 0.0139424194248984, 0.009709356464328113], [0.9472317092140514, 0.009706425321732829, 0.009706425321732829, 0.009706425321732829, 0.013942589499017215, 0.009706425321732829], [0.9472440043413648, 0.009703306295981774, 0.009703306295981774, 0.009703306295981774, 0.013942770474708065, 0.009703306295981774], [0.9472491271913578, 0.00970201538337914, 0.00970201538337914, 0.00970201538337914, 0.013942811275125679, 0.00970201538337914], [0.9472458862037857, 0.009702391217789928, 0.009702391217789928, 0.009702391217789928, 0.01394454892505453, 0.009702391217789928], [0.9472409068332386, 0.009703588701030498, 0.009703588701030498, 0.009703588701030498, 0.013944738362639434, 0.009703588701030498], [0.9472286113962779, 0.009706707811866762, 0.009706707811866762, 0.009706707811866762, 0.013944557356255273, 0.009706707811866762], [0.9472191892323115, 0.009709534940533835, 0.009709534940533835, 0.009709534940533835, 0.013942671005553117, 0.009709534940533835], [0.9472128521019244, 0.009711990398250995, 0.009711990398250995, 0.009711990398250995, 0.013939186305071608, 0.009711990398250995], [0.9472048380703368, 0.009714008196306034, 0.009714008196306034, 0.009714008196306034, 0.013939129144439047, 0.009714008196306034], [0.9471764724761735, 0.009719592475561069, 0.009719592475561069, 0.009719592475561069, 0.013945157621582344, 0.009719592475561069], [0.9470955081862518, 0.00979210021156432, 0.00972013658098127, 0.00972013658098127, 0.01395198185924003, 0.00972013658098127], [0.9471181068894315, 0.009768965805203257, 0.009720113723405465, 0.009720113723405465, 0.013952586135148702, 0.009720113723405465], [0.9471154806356447, 0.009734514305929127, 0.009720047071692117, 0.009720047071692117, 0.013989863843349848, 0.009720047071692117], [0.9471360682616604, 0.009718378226273382, 0.009718378226273382, 0.009718378226273382, 0.013990418833246072, 0.009718378226273382], [0.9471461141583457, 0.009715829654395864, 0.009715829654395864, 0.009715829654395864, 0.013990567224070676, 0.009715829654395864], [0.94722553627564, 0.009706919276740516, 0.009706919276740516, 0.009706919276740516, 0.013946786617397901, 0.009706919276740516], [0.9471810507749537, 0.009710345615750246, 0.009710345615750246, 0.009710345615750246, 0.01397756676204524, 0.009710345615750246], [0.9471726522693156, 0.009708937120095795, 0.009708937120095795, 0.009708937120095795, 0.013991599250301225, 0.009708937120095795], [0.9471622921689699, 0.00971156540493665, 0.00971156540493665, 0.00971156540493665, 0.01399144621128359, 0.00971156540493665], [0.9472200836569601, 0.009708556078986857, 0.009708556078986857, 0.009708556078986857, 0.013945692027092428, 0.009708556078986857], [0.947216509182448, 0.0097113915206777, 0.0097113915206777, 0.0097113915206777, 0.013937924734841097, 0.0097113915206777], [0.9472057056154186, 0.009714129315304786, 0.009714129315304786, 0.009714129315304786, 0.013937777123362255, 0.009714129315304786], [0.9464452315776108, 0.010451307347575446, 0.009720159609520383, 0.009720159609520383, 0.01394298224625272, 0.009720159609520383], [0.9438873837382453, 0.013000867336472674, 0.009720230699525018, 0.009720230699525018, 0.01395105682670703, 0.009720230699525018], [0.937239838383425, 0.01961163450515818, 0.009720254125000946, 0.009720254125000946, 0.013987764736414022, 0.009720254125000946], [0.9439531026614575, 0.012934742970867722, 0.00972023072119486, 0.00972023072119486, 0.013951462204090322, 0.00972023072119486], [0.9463742743766471, 0.010521993017224122, 0.009720159605799177, 0.009720159605799177, 0.013943253788731206, 0.009720159605799177], [0.9471016491775295, 0.009787446540572346, 0.00972013657838305, 0.00972013657838305, 0.013950494546749142, 0.00972013657838305], [0.9471393026394497, 0.009748359311963996, 0.009720113731027002, 0.009720113731027002, 0.013951996855505277, 0.009720113731027002], [0.9471973493664879, 0.009714262433080597, 0.009714262433080597, 0.009714262433080597, 0.013945600901189617, 0.009714262433080597], [0.9472073812222658, 0.009712197700200743, 0.009712197700200743, 0.009712197700200743, 0.013943827976931259, 0.009712197700200743]], [[0.947210805321852, 0.009711281300557137, 0.009711281300557137, 0.009711281300557137, 0.013944069475919571, 0.009711281300557137], [0.035397212014041786, 0.02153031047535067, 0.009740671170152343, 0.009740671170152343, 0.9138504640001505, 0.009740671170152343], [0.9428498072605299, 0.014049512050754633, 0.009723091855315892, 0.009723091855315892, 0.01393140512276766, 0.009723091855315892], [0.9418055976757297, 0.01507565554552964, 0.009723170191195635, 0.009723170191195635, 0.013949236205153754, 0.009723170191195635], [0.9379966232215278, 0.018647789733824083, 0.00972907355442956, 0.00972907355442956, 0.014168366381359408, 0.00972907355442956], [0.03609642329538567, 0.028133096939241674, 0.009741492827666691, 0.009741492827666691, 0.9065460012823727, 0.009741492827666691], [0.03567256496620967, 0.024676692550951004, 0.009741125385158516, 0.009741125385158516, 0.9104273663273638, 0.009741125385158516], [0.94413808644529, 0.01275710310247659, 0.009722955872682713, 0.009722955872682713, 0.013935942834185313, 0.009722955872682713], [0.03542070073883522, 0.020901580980944974, 0.009740281815479134, 0.009740281815479134, 0.9144568728337825, 0.009740281815479134], [0.9449324612294243, 0.011952138858815783, 0.009722577238263906, 0.009722577238263906, 0.013947668196968098, 0.009722577238263906], [0.9453638373735211, 0.0115075208349517, 0.009722381415100116, 0.009722381415100116, 0.01396149754622697, 0.009722381415100116], [0.03549032999155126, 0.0195795009295663, 0.009739441460403403, 0.009739441460403403, 0.9157118446976722, 0.009739441460403403], [0.9452070571813301, 0.011666392237046633, 0.009722456141902137, 0.009722456141902137, 0.013959182155916872, 0.009722456141902137], [0.03546911218475396, 0.01959068982791872, 0.009739478165645644, 0.009739478165645644, 0.9157217634903905, 0.009739478165645644], [0.03544782708977001, 0.020188285593890954, 0.009739833158332012, 0.009739833158332012, 0.9151443878413429, 0.009739833158332012], [0.9439044199808785, 0.012924079818441429, 0.00972298855801126, 0.00972298855801126, 0.014002534526646373, 0.00972298855801126], [0.9437327623158768, 0.01313376705385757, 0.009723073703092399, 0.009723073703092399, 0.013964249520988679, 0.009723073703092399], [0.9416615771607099, 0.015199345414381572, 0.009723240670306341, 0.009723240670306341, 0.013969355413989496, 0.009723240670306341], [0.9393677700735509, 0.017454012752691657, 0.009723398420567781, 0.009723398420567781, 0.014008021912054126, 0.009723398420567781], [0.9089647235363157, 0.04719281612209331, 0.009734876624776302, 0.009734876624776302, 0.01463783046726203, 0.009734876624776302], [0.036264580715239955, 0.03654676195281795, 0.009741584402304385, 0.009741584402304385, 0.897963904125029, 0.009741584402304385], [0.9189920232129127, 0.03775453861806777, 0.009724291532492463, 0.009724291532492463, 0.014080563571542134, 0.009724291532492463], [0.036324373016348, 0.37142284116160634, 0.00974450602322711, 0.00974450602322711, 0.5630192677523642, 0.00974450602322711], [0.03552303372373172, 0.02194678013181386, 0.009740327007352167, 0.009740327007352167, 0.9133092051223979, 0.009740327007352167], [0.9440651658071731, 0.012760077710703638, 0.009722867451076417, 0.009722867451076417, 0.014006154128894123, 0.009722867451076417], [0.9415408254854382, 0.01520811015765, 0.009723047764208612, 0.009723047764208612, 0.014081921064285893, 0.009723047764208612], [0.03558006957468038, 0.34587477307677095, 0.009744014113787771, 0.009744014113787771, 0.5893131150071854, 0.009744014113787771], [0.035435981669830495, 0.019912113291933545, 0.009739488999310757, 0.009739488999310757, 0.9154334380403036, 0.009739488999310757], [0.9446889427970706, 0.012182576693873775, 0.009722663164243113, 0.009722663164243113, 0.013960491016326399, 0.009722663164243113], [0.944281780492149, 0.012602048731696822, 0.009722858054553985, 0.009722858054553985, 0.013947596612492298, 0.009722858054553985], [0.9433955317690925, 0.013505449763498496, 0.00972299648264218, 0.00972299648264218, 0.013930029019482476, 0.00972299648264218], [0.9414887718195238, 0.015393947107113313, 0.009723166878855301, 0.009723166878855301, 0.013947780436796849, 0.009723166878855301], [0.934559546548541, 0.021101508556382834, 0.009807089826895495, 0.009807089826895495, 0.014917675414389733, 0.009807089826895495], [0.9343250381056318, 0.021609411359864748, 0.009785914552861274, 0.009785914552861274, 0.014707806875919511, 0.009785914552861274], [0.9360366754541931, 0.01973310241541312, 0.009797803841129537, 0.009797803841129537, 0.01483681060700525, 0.009797803841129537], [0.9414929531734745, 0.01537311157588053, 0.009723219152173827, 0.009723219152173827, 0.013964277794123531, 0.009723219152173827], [0.9388913368961145, 0.01772605840675256, 0.009729814455013794, 0.009729814455013794, 0.014193161332091715, 0.009729814455013794], [0.03604458105246517, 0.027502548140203413, 0.009741445102136048, 0.009741445102136048, 0.9072285355009234, 0.009741445102136048], [0.0356473566985356, 0.024471075176797898, 0.00974108687852249, 0.00974108687852249, 0.910658307489099, 0.00974108687852249], [0.9472005508377986, 0.009713971146585579, 0.009713971146585579, 0.009713971146585579, 0.013943564575858998, 0.009713971146585579]], [[0.9472063207621519, 0.009712418944995053, 0.009712418944995053, 0.009712418944995053, 0.013944003457867758, 0.009712418944995053], [0.035592435388683806, 0.02292175302614869, 0.009740954812926458, 0.009740954812926458, 0.9122629471463882, 0.009740954812926458], [0.9327699970004946, 0.024017315982274808, 0.00972022968417196, 0.00972022968417196, 0.014051997964714735, 0.00972022968417196], [0.8426970361737345, 0.11394327823005072, 0.009720288930307398, 0.009720288930307398, 0.014198818805292685, 0.009720288930307398], [0.8161887980273684, 0.14036524752550356, 0.009720309912667478, 0.009720309912667478, 0.01428502470912546, 0.009720309912667478], [0.8243480254541549, 0.13222159004537512, 0.009720285971619337, 0.009720285971619337, 0.014269526585611845, 0.009720285971619337], [0.9316619276570076, 0.025117677940591818, 0.009720229558969033, 0.009720229558969033, 0.014059705725493489, 0.009720229558969033], [0.9452299868060174, 0.011592986775904882, 0.009720114091426521, 0.009720114091426521, 0.014016684143798143, 0.009720114091426521], [0.9469323548764386, 0.009886509621493024, 0.00971996289055959, 0.00971996289055959, 0.014021246830389753, 0.00971996289055959], [0.03560640349720498, 0.015110229424040143, 0.009733839040140847, 0.009733839040140847, 0.9200818499583323, 0.009733839040140847], [0.9471061216138019, 0.00971745611774615, 0.00971745611774615, 0.00971745611774615, 0.014024053915213596, 0.00971745611774615], [0.9471330307589343, 0.009714072825749738, 0.009714072825749738, 0.009714072825749738, 0.014010677938066747, 0.009714072825749738], [0.947105385572858, 0.00971608570628405, 0.00971608570628405, 0.00971608570628405, 0.014030271602005845, 0.00971608570628405], [0.9471067426085304, 0.009715741421637175, 0.009715741421637175, 0.009715741421637175, 0.014030291704920839, 0.009715741421637175], [0.9471200732624844, 0.009715147859333978, 0.009715147859333978, 0.009715147859333978, 0.01401933530017986, 0.009715147859333978], [0.9457350560832993, 0.011013065558993685, 0.009719962835628747, 0.009719962835628747, 0.01409198985082088, 0.009719962835628747], [0.04274233288620206, 0.3129853867419061, 0.009738921449177491, 0.009738921449177491, 0.6150555160243594, 0.009738921449177491], [0.8987143646965812, 0.05792865621656729, 0.009720224795594418, 0.009720224795594418, 0.01419630470006837, 0.009720224795594418], [0.7006921447274586, 0.2559083054683917, 0.009720265339073235, 0.009720265339073235, 0.014238753786929919, 0.009720265339073235], [0.034787212304653106, 0.8805294273285043, 0.009741728662141763, 0.009741728662141763, 0.05545817438041723, 0.009741728662141763], [0.032797541574634846, 0.8637486974962708, 0.009741620535039852, 0.009741620535039852, 0.07422889932397476, 0.009741620535039852], [0.04656596612527988, 0.5503094299925835, 0.009740152095212094, 0.009740152095212094, 0.3739041475965003, 0.009740152095212094], [0.04099141780763662, 0.339801389749755, 0.009739040811549823, 0.009739040811549823, 0.589990070007959, 0.009739040811549823], [0.9371207677371787, 0.019482798038924446, 0.009720047477755348, 0.009720047477755348, 0.01423629179063074, 0.009720047477755348], [0.9378018874202217, 0.018813620921461265, 0.009719942260999837, 0.009719942260999837, 0.014224664875317433, 0.009719942260999837], [0.04105729473948362, 0.29852577355015764, 0.009738639524761377, 0.009738639524761377, 0.6312010131360745, 0.009738639524761377], [0.9367641257993476, 0.019815325160526188, 0.009719650539245978, 0.009719650539245978, 0.014261597422388245, 0.009719650539245978], [0.9452322319404275, 0.011472288510762521, 0.009719618551747786, 0.009719618551747786, 0.014136623893566645, 0.009719618551747786], [0.03562556737735659, 0.015269018873368023, 0.009733839838793014, 0.009733839838793014, 0.9199038942328963, 0.009733839838793014], [0.9470966552109426, 0.009719676173196252, 0.009719676173196252, 0.009719676173196252, 0.014024640096272365, 0.009719676173196252], [0.9452761691878157, 0.011558320938303975, 0.009720136800977702, 0.009720136800977702, 0.014005099470947304, 0.009720136800977702], [0.8978624947088429, 0.0588280046496334, 0.009720248443531514, 0.009720248443531514, 0.014148755310929058, 0.009720248443531514], [0.8183765868404974, 0.1382546822797779, 0.009720310184905403, 0.009720310184905403, 0.014207800325008258, 0.009720310184905403], [0.34350929677855524, 0.6115084062061835, 0.009742090132589936, 0.009742090132589936, 0.015756026617491436, 0.009742090132589936], [0.8432883760018043, 0.11326818075018837, 0.009720314540050852, 0.009720314540050852, 0.014282499627854871, 0.009720314540050852], [0.03799095161440088, 0.11179525600741594, 0.009735379987725548, 0.009735379987725548, 0.8210076524150065, 0.009735379987725548], [0.8584378234720246, 0.09812328624304063, 0.009720317267009544, 0.009720317267009544, 0.014277938483906077, 0.009720317267009544], [0.6159506999714754, 0.1957257936158758, 0.022053895556836088, 0.011120046537353314, 0.14524178268964513, 0.009907781628814387], [0.9326460692492998, 0.024106133047033167, 0.00972391181726897, 0.00972391181726897, 0.01407606225186001, 0.00972391181726897], [0.9471727561776945, 0.009719476499731634, 0.009719476499731634, 0.009719476499731634, 0.013949337823379013, 0.009719476499731634]], [[0.9472070620989073, 0.009712677797601604, 0.009712677797601604, 0.009712677797601604, 0.013942226710686378, 0.009712677797601604], [0.9434156774132438, 0.013482648218746304, 0.009723068184648642, 0.009723068184648642, 0.01393246981406394, 0.009723068184648642], [0.8917811606294463, 0.06484759059386587, 0.009720247839680318, 0.009720247839680318, 0.014210505257646867, 0.009720247839680318], [0.8192808095345407, 0.13727445076128442, 0.009720310434432267, 0.009720310434432267, 0.014283808400878097, 0.009720310434432267], [0.2799258627081858, 0.6749861663903692, 0.00974205835181994, 0.00974205835181994, 0.015861795845985054, 0.00974205835181994], [0.8260958991690265, 0.13047591630497524, 0.00972031154229316, 0.00972031154229316, 0.014267249899118841, 0.00972031154229316], [0.9048645717141421, 0.05180225867344904, 0.009720249828885204, 0.009720249828885204, 0.014172420125753083, 0.009720249828885204], [0.03577663231341553, 0.01909091013676019, 0.00973459086589971, 0.00973459086589971, 0.9159286849521251, 0.00973459086589971], [0.9471009476783311, 0.009720005092439343, 0.009720005092439343, 0.009720005092439343, 0.014019031951911462, 0.009720005092439343], [0.035409935722331635, 0.021068613942261137, 0.009740387134666613, 0.009740387134666613, 0.9143002889314074, 0.009740387134666613], [0.9471111044997718, 0.009717386336958067, 0.009717386336958067, 0.009717386336958067, 0.014019350152396002, 0.009717386336958067], [0.03563586413178905, 0.01555847010124783, 0.009734187601585403, 0.009734187601585403, 0.9196031029622069, 0.009734187601585403], [0.9471068628773589, 0.009718163117979902, 0.009718163117979902, 0.009718163117979902, 0.014020484650721426, 0.009718163117979902], [0.9470938234222811, 0.009719019063902547, 0.009719019063902547, 0.009719019063902547, 0.014030100322108833, 0.009719019063902547], [0.03561410737498057, 0.01601131824054046, 0.009734054746615232, 0.009734054746615232, 0.9191724101446332, 0.009734054746615232], [0.9391977908055092, 0.017427533170672912, 0.009719983642443156, 0.009719983642443156, 0.014214725096488476, 0.009719983642443156], [0.9349510221307921, 0.02175255342352548, 0.009720136080732585, 0.009720136080732585, 0.014136016203484756, 0.009720136080732585], [0.05597544666771235, 0.6502506405533173, 0.009740693426015216, 0.009740693426015216, 0.2645518325009246, 0.009740693426015216], [0.0372070793303742, 0.8744638489921595, 0.009741712514851827, 0.009741712514851827, 0.05910393413291075, 0.009741712514851827], [0.20354969222671934, 0.7516022149666965, 0.009742020413903152, 0.009742020413903152, 0.015622031564874832, 0.009742020413903152], [0.040106298832490686, 0.33060620833929755, 0.00973640037458904, 0.00973640037458904, 0.6000782917044446, 0.00973640037458904], [0.0476056102027681, 0.7326846120968012, 0.009741042414374592, 0.009741042414374592, 0.19048665045730684, 0.009741042414374592], [0.036444466338211044, 0.07072917777491443, 0.009735027203251055, 0.009735027203251055, 0.8636212742771214, 0.009735027203251055], [0.9050318207987801, 0.051617830601600675, 0.009720154954606817, 0.009720154954606817, 0.01418988373579873, 0.009720154954606817], [0.9376134962185233, 0.019004554088723945, 0.009720047450809326, 0.009720047450809326, 0.014221807340324634, 0.009720047450809326], [0.03650189394411802, 0.2931227010260738, 0.009738653804726197, 0.009738653804726197, 0.6411594436156295, 0.009738653804726197], [0.9366133548871548, 0.019968138484177386, 0.009719734863663674, 0.009719734863663674, 0.014259302037676684, 0.009719734863663674], [0.9471116870922313, 0.009713401887592042, 0.009713401887592042, 0.009713401887592042, 0.014034705357400533, 0.009713401887592042], [0.9471066808754065, 0.009716260677452885, 0.009716260677452885, 0.009716260677452885, 0.014028276414781951, 0.009716260677452885], [0.9470937610047622, 0.009719538486481839, 0.009719538486481839, 0.009719538486481839, 0.014028085049310354, 0.009719538486481839], [0.9450940162181115, 0.011738118688726205, 0.009720113925967862, 0.009720113925967862, 0.014007523315258676, 0.009720113925967862], [0.9315325856352952, 0.02525907999063975, 0.009720229464070296, 0.009720229464070296, 0.014047645981854168, 0.009720229464070296], [0.8249991106245688, 0.13157716402782027, 0.009720286093451835, 0.009720286093451835, 0.014262867067255453, 0.009720286093451835], [0.8197218955605291, 0.13683282874152058, 0.009720310541237844, 0.009720310541237844, 0.014284344074236618, 0.009720310541237844], [0.8389311483066745, 0.11768834833546361, 0.009720288486230024, 0.009720288486230024, 0.01421963789917192, 0.009720288486230024], [0.8340117069625086, 0.12259193574423773, 0.009720312972387164, 0.009720312972387164, 0.014235418376092117, 0.009720312972387164], [0.4821371453213217, 0.4728501374305396, 0.009742158446824405, 0.009742158446824405, 0.01578624190766558, 0.009742158446824405], [0.6153078296140523, 0.19648066677699808, 0.022072331575261592, 0.011141674695733508, 0.1450897228002504, 0.009907774537704106], [0.6172608243123332, 0.19418153059476606, 0.02201950675126105, 0.01107847323917299, 0.14555186894479635, 0.009907796157670425], [0.9471802233752996, 0.009719238918513689, 0.009719238918513689, 0.009719238918513689, 0.013942820950645574, 0.009719238918513689]], [[0.947215807165257, 0.009712084485689877, 0.009712084485689877, 0.009712084485689877, 0.013935854891983488, 0.009712084485689877], [0.9435237055323329, 0.013377081013957837, 0.009723041846055219, 0.009723041846055219, 0.013930087915543794, 0.009723041846055219], [0.036371803967334825, 0.043260976283374934, 0.009734910327379467, 0.009734910327379467, 0.891162488767152, 0.009734910327379467], [0.0383497823067964, 0.14695004874725426, 0.00973553463516641, 0.00973553463516641, 0.7854935650404501, 0.00973553463516641], [0.8260958999536965, 0.13047591489793597, 0.009720311592874634, 0.009720311592874634, 0.01426725036974361, 0.009720311592874634], [0.8399620258183643, 0.11664057015649781, 0.009720288551188854, 0.009720288551188854, 0.014236538371571199, 0.009720288551188854], [0.03809894958610292, 0.0980415924358166, 0.009735209507419995, 0.009735209507419995, 0.8346538294558205, 0.009735209507419995], [0.9374732914190245, 0.019309162066771732, 0.009720230509966425, 0.009720230509966425, 0.014056854984304562, 0.009720230509966425], [0.9429550135758628, 0.013944222019456467, 0.009723096033054976, 0.009723096033054976, 0.013931476305515911, 0.009723096033054976], [0.9471979385358135, 0.00971423784271162, 0.00971423784271162, 0.00971423784271162, 0.013945110093339949, 0.00971423784271162], [0.9440933052495061, 0.012796439003529638, 0.009722971029629688, 0.009722971029629688, 0.013941342658075123, 0.009722971029629688], [0.9456084306174416, 0.011221540819554869, 0.009720114089309345, 0.009720114089309345, 0.014009686295075546, 0.009720114089309345], [0.9455361489631225, 0.01129437626800901, 0.009720136937813052, 0.009720136937813052, 0.014009063955429241, 0.009720136937813052], [0.035759441394260405, 0.019250815315561127, 0.009734540725597013, 0.009734540725597013, 0.9157861211133874, 0.009734540725597013], [0.03573898648313115, 0.018356446788296888, 0.00973438822027854, 0.00973438822027854, 0.9167014020677363, 0.00973438822027854], [0.041183219884214764, 0.3055531802717026, 0.009738778998593925, 0.009738778998593925, 0.6240472628483008, 0.009738778998593925], [0.9415548294957863, 0.01522599300532857, 0.00972011337912157, 0.00972011337912157, 0.01405883736152056, 0.00972011337912157], [0.053656113427228265, 0.4268459803705447, 0.009739599066691342, 0.009739599066691342, 0.49027910900215305, 0.009739599066691342], [0.7704936504629603, 0.18608690022660068, 0.009720277209157193, 0.009720277209157193, 0.014258617682967465, 0.009720277209157193], [0.8146888013701452, 0.14187789631358075, 0.009720309265735354, 0.009720309265735354, 0.014272374519068041, 0.009720309265735354], [0.03833999097621831, 0.15811966465338026, 0.009735582668109906, 0.009735582668109906, 0.7743335963660717, 0.009735582668109906], [0.04094441643652073, 0.3086663561873139, 0.009736309217341713, 0.009736309217341713, 0.6211802997241401, 0.009736309217341713], [0.03849177019718073, 0.20616406212678418, 0.009735792453676841, 0.009735792453676841, 0.7261367903150046, 0.009735792453676841], [0.04562439454499769, 0.4036445823972524, 0.009739447343630152, 0.009739447343630152, 0.5215126810268593, 0.009739447343630152], [0.03589415927069287, 0.023090628881877035, 0.009734557375739724, 0.009734557375739724, 0.9118115397202109, 0.009734557375739724], [0.9372724329374418, 0.019329082997447056, 0.009719962749695795, 0.009719962749695795, 0.014238595816024009, 0.009719962749695795], [0.035739442300953425, 0.017327177949981964, 0.009733807934541502, 0.009733807934541502, 0.9177319559454402, 0.009733807934541502], [0.9453997263612336, 0.011315100949226109, 0.00971965066250134, 0.00971965066250134, 0.014126220702036426, 0.00971965066250134], [0.947144293366749, 0.009713188843203092, 0.009713188843203092, 0.009713188843203092, 0.014002951260438608, 0.009713188843203092], [0.9471147227400539, 0.009717179799555269, 0.009717179799555269, 0.009717179799555269, 0.014016558061725096, 0.009717179799555269], [0.9469117679484883, 0.009896345862589, 0.009720047772917182, 0.009720047772917182, 0.014031742870171225, 0.009720047772917182], [0.9381389374117277, 0.018677538518166996, 0.009720159022078905, 0.009720159022078905, 0.014023047003868638, 0.009720159022078905], [0.03621506633766535, 0.03776943851785471, 0.009734884617537652, 0.009734884617537652, 0.896810841291867, 0.009734884617537652], [0.03771434308067953, 0.07915392939325694, 0.00973512623892496, 0.00973512623892496, 0.8539263488092887, 0.00973512623892496], [0.9378019090198776, 0.018988881737573755, 0.009720230561532464, 0.009720230561532464, 0.014048517557951218, 0.009720230561532464], [0.8914954924640687, 0.06517268797678719, 0.00972029721664866, 0.00972029721664866, 0.014170927909198175, 0.00972029721664866], [0.6153085617589569, 0.19647946137123082, 0.022072384271635315, 0.01114170129581654, 0.14509011674764566, 0.009907774554714642], [0.6159652994525717, 0.19570735854498353, 0.022054391181461828, 0.011120296448091782, 0.1452448725838584, 0.009907781789032795], [0.9458587283775673, 0.011030069431133058, 0.009720231034418905, 0.009720231034418905, 0.013950509088043041, 0.009720231034418905], [0.9471833920787913, 0.009718536521120933, 0.009718536521120933, 0.009718536521120933, 0.01394246183672508, 0.009718536521120933]], [[0.9472214166021814, 0.0097109470786563, 0.0097109470786563, 0.0097109470786563, 0.013934795083193348, 0.0097109470786563], [0.9441518548450654, 0.012757266038549544, 0.009722971472929855, 0.009722971472929855, 0.013921964697595534, 0.009722971472929855], [0.9422007995816636, 0.014644729071056505, 0.009720160372942188, 0.009720160372942188, 0.013993990228453547, 0.009720160372942188], [0.9314278278638632, 0.025379623115490742, 0.009720230541802885, 0.009720230541802885, 0.014031857395237397, 0.009720230541802885], [0.910020145075252, 0.04671922624552087, 0.00972025178981393, 0.00972025178981393, 0.014099873309785575, 0.00972025178981393], [0.8400208559799873, 0.11665102318204186, 0.009720288675295537, 0.009720288675295537, 0.014167254812084168, 0.009720288675295537], [0.8261080882463292, 0.13047841305167793, 0.009720311619191617, 0.009720311619191617, 0.014252563844418024, 0.009720311619191617], [0.8835342238439915, 0.07312415741195416, 0.009720295399380106, 0.009720295399380106, 0.014180732545914088, 0.009720295399380106], [0.9425680017524861, 0.01432030433881593, 0.00972312924070817, 0.00972312924070817, 0.013942306186573506, 0.00972312924070817], [0.9471711964586292, 0.009719850063013744, 0.009719850063013744, 0.009719850063013744, 0.013949403289315704, 0.009719850063013744], [0.03569660225031889, 0.024269421703493606, 0.009741064224409533, 0.009741064224409533, 0.910810783372959, 0.009741064224409533], [0.9395361771836156, 0.017272413043299923, 0.009720230460773251, 0.009720230460773251, 0.014030718390764762, 0.009720230460773251], [0.9157871949504985, 0.04087602013375099, 0.009720251653288183, 0.009720251653288183, 0.01417602995588591, 0.009720251653288183], [0.9368891147213837, 0.019888237487226193, 0.009720230452091362, 0.009720230452091362, 0.014061956435116055, 0.009720230452091362], [0.03589593872041587, 0.030444699180503368, 0.00973469111556674, 0.00973469111556674, 0.9044552887523805, 0.00973469111556674], [0.04055279436057543, 0.3056640816127638, 0.009738831215623087, 0.009738831215623087, 0.6245666303797914, 0.009738831215623087], [0.03884350937220713, 0.3021605390002962, 0.009738804614539383, 0.009738804614539383, 0.6297795377838785, 0.009738804614539383], [0.04281468157406824, 0.35963846186122783, 0.009739174023418711, 0.009739174023418711, 0.5683293344944477, 0.009739174023418711], [0.903867046383856, 0.05277612441669183, 0.009720225668628284, 0.009720225668628284, 0.01419615219356748, 0.009720225668628284], [0.9206163807900161, 0.03601913859843683, 0.009720251674003219, 0.009720251674003219, 0.014203725589537357, 0.009720251674003219], [0.7973619497417004, 0.15918655429218917, 0.009720306356853258, 0.009720306356853258, 0.014290576895550905, 0.009720306356853258], [0.3118326932514306, 0.6426336134089748, 0.009742071443644971, 0.009742071443644971, 0.016307479008659545, 0.009742071443644971], [0.03609444478441472, 0.8700085832499617, 0.009741685683771413, 0.009741685683771413, 0.06467191491430943, 0.009741685683771413], [0.7555271539905096, 0.2008764534241446, 0.009720225981885773, 0.009720225981885773, 0.014435714639688384, 0.009720225981885773], [0.9422816840699489, 0.014460555902478562, 0.009720136668040546, 0.009720136668040546, 0.01409735002345083, 0.009720136668040546], [0.9445701084550334, 0.012147690451264204, 0.009719983593586543, 0.009719983593586543, 0.014122250312942751, 0.009719983593586543], [0.03729263892900508, 0.28904737997665525, 0.00973864076469399, 0.00973864076469399, 0.6444440588002578, 0.00973864076469399], [0.9448925940453634, 0.011816441137638366, 0.009719806817000652, 0.009719806817000652, 0.014131544365996297, 0.009719806817000652], [0.9471230971287875, 0.009713617911656836, 0.009713617911656836, 0.009713617911656836, 0.014022431224585274, 0.009713617911656836], [0.9471146179377198, 0.009715812803183836, 0.009715812803183836, 0.009715812803183836, 0.014022130849544954, 0.009715812803183836], [0.03557773081366287, 0.01573914295729304, 0.009734142815436166, 0.009734142815436166, 0.9194806977827356, 0.009734142815436166], [0.03559394960407717, 0.016497879580765158, 0.009734379793940198, 0.009734379793940198, 0.918705031433337, 0.009734379793940198], [0.03576947222276939, 0.021539496779965184, 0.009734550456322228, 0.009734550456322228, 0.9134873796282988, 0.009734550456322228], [0.9434785265627968, 0.013333170002044802, 0.009720136565306823, 0.009720136565306823, 0.014027893739237839, 0.009720136565306823], [0.9436574621084615, 0.01316654119206881, 0.009720159706051078, 0.009720159706051078, 0.0140155175813164, 0.009720159706051078], [0.617952536852279, 0.19335829941047714, 0.02200466784853481, 0.011059083307264626, 0.1457176086188234, 0.009907803962620977], [0.6173008514116454, 0.19413148933908259, 0.022020735300152687, 0.011079091456834625, 0.14556003593597072, 0.009907796556314215], [0.945948841425627, 0.010941435584645632, 0.009720230986438764, 0.009720230986438764, 0.013949030030411326, 0.009720230986438764], [0.942103733578919, 0.014753390761224432, 0.00972315220310553, 0.00972315220310553, 0.013973419050540054, 0.00972315220310553], [0.9472073564233365, 0.009713765158635436, 0.009713765158635436, 0.009713765158635436, 0.013937582942121775, 0.009713765158635436]], [[0.9472338123060741, 0.009709039824067766, 0.009709039824067766, 0.009709039824067766, 0.0139300283976548, 0.009709039824067766], [0.9444514821795582, 0.012456817629701501, 0.00972283395395067, 0.00972283395395067, 0.013923198328888272, 0.00972283395395067], [0.035559090593918, 0.015676345524492052, 0.009734376308564953, 0.009734376308564953, 0.919561434955895, 0.009734376308564953], [0.9434778310202292, 0.01343263901214452, 0.009723073725561446, 0.009723073725561446, 0.013920308790942046, 0.009723073725561446], [0.9399788959787916, 0.016755983139047286, 0.009727505036015764, 0.009727505036015764, 0.01408260577411374, 0.009727505036015764], [0.834168513817368, 0.12247337726350359, 0.009720313114179575, 0.009720313114179575, 0.01419716957658966, 0.009720313114179575], [0.3293281926891694, 0.6255543638195142, 0.009742083040733202, 0.009742083040733202, 0.01589119436911676, 0.009742083040733202], [0.9349561694957188, 0.021533601232612685, 0.00974576603698104, 0.00974576603698104, 0.014272931160725429, 0.00974576603698104], [0.9419868120179827, 0.014862014237594553, 0.009720254959772561, 0.009720254959772561, 0.013990408865105131, 0.009720254959772561], [0.947155525540834, 0.009734890274057589, 0.009720136687798189, 0.009720136687798189, 0.013949174121713892, 0.009720136687798189], [0.9452129463203639, 0.011669129212267999, 0.009720230933764078, 0.009720230933764078, 0.013957231666075827, 0.009720230933764078], [0.9358209709336763, 0.020242125498918604, 0.009775179542333066, 0.009775179542333066, 0.014611364940405816, 0.009775179542333066], [0.8412151180913758, 0.11533351092633022, 0.009720314149265706, 0.009720314149265706, 0.014290428534496809, 0.009720314149265706], [0.8607967411614835, 0.09578372901846033, 0.009720292076088455, 0.009720292076088455, 0.014258653591790793, 0.009720292076088455], [0.932642891047693, 0.02408893484639533, 0.009720229355075726, 0.009720229355075726, 0.0141074860406844, 0.009720229355075726], [0.9382590914450682, 0.01846963310428575, 0.009720113044543083, 0.009720113044543083, 0.014110936317016726, 0.009720113044543083], [0.03588451160758124, 0.020916978016326238, 0.009734598644849305, 0.009734598644849305, 0.9139947144415446, 0.009734598644849305], [0.9408434785355415, 0.015908835025567922, 0.009720113354391073, 0.009720113354391073, 0.014087346375717243, 0.009720113354391073], [0.9347981096067134, 0.02191333496191123, 0.00972011310379711, 0.00972011310379711, 0.014128216119984067, 0.00972011310379711], [0.06225970385563852, 0.3655055606594055, 0.009739351466686745, 0.009739351466686745, 0.5430166810848958, 0.009739351466686745], [0.8533176419653193, 0.10331797814341458, 0.00972029037971044, 0.00972029037971044, 0.01420350875213494, 0.00972029037971044], [0.8383994839531611, 0.1182282800667672, 0.009720313211058453, 0.009720313211058453, 0.014211296346896251, 0.009720313211058453], [0.7496532642980009, 0.20693258363477643, 0.009720273613372526, 0.009720273613372526, 0.014253331227105044, 0.009720273613372526], [0.9274647878509281, 0.02922104769404212, 0.00972022896798282, 0.00972022896798282, 0.014153477551081222, 0.00972022896798282], [0.03584639990367124, 0.019500690550081395, 0.009734592920095078, 0.009734592920095078, 0.9154491307859621, 0.009734592920095078], [0.9422624113895319, 0.014482444664487844, 0.009720113785679371, 0.009720113785679371, 0.014094802588942003, 0.009720113785679371], [0.9451197447949136, 0.011622225609049373, 0.009720047551020348, 0.009720047551020348, 0.014097886942975955, 0.009720047551020348], [0.035586865967136554, 0.016323465246700145, 0.009734144951113079, 0.009734144951113079, 0.918887233932824, 0.009734144951113079], [0.9469345486587456, 0.009870492451650118, 0.00971980687407804, 0.00971980687407804, 0.014035538267370105, 0.00971980687407804], [0.035636067050979395, 0.01537112002549227, 0.009733566792129887, 0.009733566792129887, 0.9197921125471386, 0.009733566792129887], [0.9466893213310925, 0.010128671109298503, 0.00971983954415329, 0.00971983954415329, 0.014022488927149282, 0.00971983954415329], [0.0356103647638545, 0.01629123264791628, 0.009734086964747, 0.009734086964747, 0.9188961416939881, 0.009734086964747], [0.9465031664962745, 0.010304698492744653, 0.009719989672245008, 0.009719989672245008, 0.014032165994245902, 0.009719989672245008], [0.9467767146176718, 0.010032461742593948, 0.009719983511852359, 0.009719983511852359, 0.014030873104177355, 0.009719983511852359], [0.03561442132282975, 0.015758607247451706, 0.009734376429080033, 0.009734376429080033, 0.9194238421424784, 0.009734376429080033], [0.621051623636746, 0.18971131922261292, 0.021922160365438332, 0.010960026968426642, 0.1464470317139655, 0.009907838092810508], [0.9471828845508861, 0.00971862263940442, 0.00971862263940442, 0.00971862263940442, 0.013942624891496159, 0.00971862263940442], [0.9427570499644484, 0.014094340916729294, 0.009723135311586742, 0.009723135311586742, 0.013979203184062195, 0.009723135311586742], [0.9428086690191586, 0.01403543006652262, 0.009723090421334318, 0.009723090421334318, 0.01398662965031566, 0.009723090421334318], [0.9472058747480298, 0.00971392467473622, 0.00971392467473622, 0.00971392467473622, 0.013938426553025428, 0.00971392467473622]], [[0.9472413573157944, 0.009706749360696992, 0.009706749360696992, 0.009706749360696992, 0.01393164524141749, 0.009706749360696992], [0.9447997563000754, 0.012100595578357158, 0.009722669702591334, 0.009722669702591334, 0.013931639013793476, 0.009722669702591334], [0.9444031438459383, 0.012502489228265894, 0.009722858733497269, 0.009722858733497269, 0.013925790725304227, 0.009722858733497269], [0.9471829029799054, 0.009718788676026326, 0.009718788676026326, 0.009718788676026326, 0.013941942315989423, 0.009718788676026326], [0.9456702037643454, 0.011221176015242515, 0.009720231153678193, 0.009720231153678193, 0.013947926759377515, 0.009720231153678193], [0.935524764590711, 0.02058056498728941, 0.009771003070329307, 0.009771003070329307, 0.014581661211011484, 0.009771003070329307], [0.04213050394322118, 0.036791158588529826, 0.00980502000820345, 0.00980502000820345, 0.8916632774436387, 0.00980502000820345], [0.9380323229398645, 0.018802686929773674, 0.009720304136136216, 0.009720304136136216, 0.014004077721953223, 0.009720304136136216], [0.9457318110842325, 0.011165385135756267, 0.00972023105280942, 0.00972023105280942, 0.013942110621582954, 0.00972023105280942], [0.9471833415988508, 0.009719376433288747, 0.009719376433288747, 0.009719376433288747, 0.013939152667994396, 0.009719376433288747], [0.9406877546404748, 0.01605739598215981, 0.009726024832364918, 0.009726024832364918, 0.014076774880270706, 0.009726024832364918], [0.8977628456037067, 0.05883224824199271, 0.009720323198865389, 0.009720323198865389, 0.01424393655770461, 0.009720323198865389], [0.35031524582750834, 0.6042485937752768, 0.009742091613005826, 0.009742091613005826, 0.016209885558197305, 0.009742091613005826], [0.04086363377220898, 0.13060339551261865, 0.009735533360817696, 0.009735533360817696, 0.7993263706327192, 0.009735533360817696], [0.9271962921772607, 0.02947059499563034, 0.009720253050323648, 0.009720253050323648, 0.014172353676138004, 0.009720253050323648], [0.9351389540435652, 0.02160837618802998, 0.0097202297111161, 0.0097202297111161, 0.014091980635056628, 0.0097202297111161], [0.9221923312704935, 0.03441372013913365, 0.009720251934565447, 0.009720251934565447, 0.014233192786676622, 0.009720251934565447], [0.9309486301827775, 0.02574043194150888, 0.009720229185656144, 0.009720229185656144, 0.014150250318745238, 0.009720229185656144], [0.044491947251261287, 0.355714327535106, 0.009739164464440741, 0.009739164464440741, 0.5705762318203104, 0.009739164464440741], [0.6196816771902693, 0.1916847732713482, 0.021904265246869004, 0.010973734631833525, 0.14584774142071388, 0.009907808238966233], [0.6179618006109795, 0.19335313633967174, 0.022004156719533007, 0.01105882655251985, 0.14571427598083314, 0.009907803796462621], [0.6167353238659657, 0.19516978946271843, 0.021957111388053237, 0.011047075188001158, 0.14518292418919068, 0.00990777590607074], [0.9382867080279814, 0.018495366886130668, 0.009720230632047348, 0.009720230632047348, 0.014057233189745751, 0.009720230632047348], [0.9359759070469633, 0.020790931225561887, 0.009720230381053697, 0.009720230381053697, 0.014072470584313655, 0.009720230381053697], [0.9131001742155553, 0.04354311852354115, 0.009720251353631183, 0.009720251353631183, 0.01419595320000995, 0.009720251353631183], [0.9315077061858287, 0.025283805248554742, 0.009720229461135451, 0.009720229461135451, 0.014047800182210152, 0.009720229461135451], [0.9422006209811903, 0.014626979844260021, 0.009720159594044837, 0.009720159594044837, 0