[[[0.9430834202602253, 0.013818901086695218, 0.009720159290630286, 0.009720159290630286, 0.013937200781188609, 0.009720159290630286], [0.9388292679038844, 0.01806714353596537, 0.009720232852344237, 0.009720232852344237, 0.013942890003117618, 0.009720232852344237], [0.9261208001473636, 0.030760234133756843, 0.009720262109684916, 0.009720262109684916, 0.01395817938982482, 0.009720262109684916], [0.9388292679038844, 0.01806714353596537, 0.009720232852344237, 0.009720232852344237, 0.013942890003117618, 0.009720232852344237], [0.9452868633061664, 0.011609526382244302, 0.009720159653672391, 0.009720159653672391, 0.01394313135057203, 0.009720159653672391], [0.9471783435618687, 0.009719106515845536, 0.009719106515845536, 0.009719106515845536, 0.013945230374749307, 0.009719106515845536], [0.9472157761390717, 0.009712591731972852, 0.009712591731972852, 0.009712591731972852, 0.013933856933036962, 0.009712591731972852], [0.947225296858125, 0.009710831836347798, 0.009710831836347798, 0.009710831836347798, 0.013931375796483951, 0.009710831836347798], [0.9472206917013734, 0.009711991749690422, 0.009711991749690422, 0.009711991749690422, 0.01393134129986491, 0.009711991749690422], [0.9472204225237079, 0.009712416031602961, 0.009712416031602961, 0.009712416031602961, 0.01392991334988029, 0.009712416031602961], [0.9472151784032021, 0.009713711690986063, 0.009713711690986063, 0.009713711690986063, 0.01392997483285355, 0.009713711690986063], [0.9471843945429562, 0.009718663606362482, 0.009718663606362482, 0.009718663606362482, 0.013940951031593856, 0.009718663606362482], [0.9471827026252156, 0.009719093232424546, 0.009719093232424546, 0.009719093232424546, 0.013940924445086272, 0.009719093232424546], [0.9471844465627949, 0.009718658851417794, 0.009718658851417794, 0.009718658851417794, 0.013940918031534032, 0.009718658851417794], [0.9472093762378283, 0.00971370991268509, 0.00971370991268509, 0.00971370991268509, 0.013935784111431346, 0.00971370991268509], [0.9472065951416867, 0.009712889849009605, 0.009712889849009605, 0.009712889849009605, 0.013941845462274885, 0.009712889849009605], [0.9472091569915679, 0.009713919342439658, 0.009713919342439658, 0.009713919342439658, 0.013935165638673466, 0.009713919342439658], [0.9471829543980542, 0.009718783958351072, 0.009718783958351072, 0.009718783958351072, 0.013941909768541549, 0.009718783958351072], [0.9471896199295917, 0.009718624537342502, 0.009718624537342502, 0.009718624537342502, 0.013935881921038139, 0.009718624537342502], [0.9471913141598141, 0.009718194748037848, 0.009718194748037848, 0.009718194748037848, 0.013935906848034618, 0.009718194748037848], [0.9472083093461637, 0.009713751579029107, 0.009713751579029107, 0.009713751579029107, 0.01393668433771986, 0.009713751579029107], [0.9472100552629875, 0.009712892528888087, 0.009712892528888087, 0.009712892528888087, 0.01393837462146029, 0.009712892528888087], [0.9472157658712645, 0.0097111457937526, 0.0097111457937526, 0.0097111457937526, 0.013939650953725128, 0.0097111457937526], [0.947224456089056, 0.009710407110051356, 0.009710407110051356, 0.009710407110051356, 0.01393391547073848, 0.009710407110051356], [0.9472349981282662, 0.009708186088922436, 0.009708186088922436, 0.009708186088922436, 0.013932257516044226, 0.009708186088922436], [0.9472375611851938, 0.009707712351338044, 0.009707712351338044, 0.009707712351338044, 0.013931589409454062, 0.009707712351338044], [0.9472273636527649, 0.009708908612562352, 0.009708908612562352, 0.009708908612562352, 0.013937001896985707, 0.009708908612562352], [0.9472260073688686, 0.00970925267244716, 0.00970925267244716, 0.00970925267244716, 0.013936981941342576, 0.00970925267244716], [0.9472285555359242, 0.00970901272919326, 0.00970901272919326, 0.00970901272919326, 0.013935393547302787, 0.00970901272919326], [0.9472338017053573, 0.009707805252827339, 0.009707805252827339, 0.009707805252827339, 0.01393497728333348, 0.009707805252827339], [0.9472313526483659, 0.009706491229875207, 0.009706491229875207, 0.009706491229875207, 0.013942682432133303, 0.009706491229875207], [0.9472266058143077, 0.009707246794280307, 0.009707246794280307, 0.009707246794280307, 0.013944407008571027, 0.009707246794280307], [0.9472174955038083, 0.009709557900808075, 0.009709557900808075, 0.009709557900808075, 0.013944272892959414, 0.009709557900808075], [0.9472130834448226, 0.00971115030362015, 0.00971115030362015, 0.00971115030362015, 0.01394231534069678, 0.00971115030362015], [0.9472158071652544, 0.009712084485690067, 0.009712084485690067, 0.009712084485690067, 0.013935854891985225, 0.009712084485690067], [0.9472142703498495, 0.009712474342117116, 0.009712474342117116, 0.009712474342117116, 0.013935832281682147, 0.009712474342117116], [0.9472158071652544, 0.009712084485690067, 0.009712084485690067, 0.009712084485690067, 0.013935854891985225, 0.009712084485690067], [0.9472204039085134, 0.009710926120301007, 0.009710926120301007, 0.009710926120301007, 0.01393589161028273, 0.009710926120301007], [0.9472266774647305, 0.009709279755463238, 0.009709279755463238, 0.009709279755463238, 0.013936203513416559, 0.009709279755463238], [0.947235721068169, 0.009707001426393655, 0.009707001426393655, 0.009707001426393655, 0.013936273226256233, 0.009707001426393655]], [[0.9430390106873002, 0.013849299761250683, 0.009720233572921164, 0.009720233572921164, 0.013950988832685711, 0.009720233572921164], [0.9353463791170179, 0.0215177781810501, 0.009720303686827372, 0.009720303686827372, 0.013974931641449945, 0.009720303686827372], [0.9383475911761914, 0.018275440720127382, 0.009738768880139758, 0.009738768880139758, 0.014160661463262033, 0.009738768880139758], [0.9385127517582145, 0.01799558678727531, 0.009747708811795083, 0.009747708811795083, 0.01424853501912503, 0.009747708811795083], [0.9413357165005023, 0.015504096870424517, 0.009724872898482041, 0.009724872898482041, 0.013985567933627003, 0.009724872898482041], [0.9426589426974601, 0.014236107359306714, 0.00972311311303338, 0.00972311311303338, 0.013935610604133316, 0.00972311311303338], [0.9441890556842051, 0.012721043992209014, 0.00972281713465756, 0.00972281713465756, 0.013921448919613276, 0.00972281713465756], [0.9441076890431245, 0.012805202994088776, 0.009722892060959885, 0.009722892060959885, 0.01391843177990712, 0.009722892060959885], [0.9471829029799054, 0.009718788676026326, 0.009718788676026326, 0.009718788676026326, 0.013941942315989423, 0.009718788676026326], [0.9434872215658368, 0.01342324570323416, 0.009723073730447155, 0.009723073730447155, 0.013920311539587555, 0.009723073730447155], [0.9429490190192942, 0.01396579119722177, 0.00972310154193155, 0.00972310154193155, 0.013915885157689385, 0.00972310154193155], [0.9424289271376125, 0.014450049462015141, 0.009723189659830387, 0.009723189659830387, 0.013951454420881032, 0.009723189659830387], [0.9409603955128577, 0.015800927906080738, 0.009725379873488491, 0.009725379873488491, 0.014062536960595947, 0.009725379873488491], [0.9425440462385882, 0.014342537287569835, 0.009723132325085052, 0.009723132325085052, 0.013944019498586927, 0.009723132325085052], [0.9430671054688721, 0.013841506830804946, 0.009723031045258984, 0.009723031045258984, 0.013922294564546021, 0.009723031045258984], [0.9435024283876213, 0.013414067157077875, 0.00972300838722262, 0.00972300838722262, 0.013914479293632901, 0.00972300838722262], [0.03561396537553413, 0.024071213182170793, 0.009741061150326429, 0.009741061150326429, 0.9110916379913159, 0.009741061150326429], [0.942312745958676, 0.014572633700606262, 0.009723204826978622, 0.009723204826978622, 0.013945005859781995, 0.009723204826978622], [0.9403701656121085, 0.016343747253346655, 0.009728440413068891, 0.009728440413068891, 0.014100765895338084, 0.009728440413068891], [0.945430003650946, 0.011459031961678572, 0.0097202312107426, 0.0097202312107426, 0.013950270755147669, 0.0097202312107426], [0.9431319502004656, 0.013780588349170963, 0.009723097450078967, 0.009723097450078967, 0.01391816910012661, 0.009723097450078967], [0.03550480933466969, 0.021828860245550193, 0.009740748032350678, 0.009740748032350678, 0.9134440863227281, 0.009740748032350678], [0.943790300802898, 0.01309722343316896, 0.009722968752144926, 0.009722968752144926, 0.013943569507498216, 0.009722968752144926], [0.94413860469984, 0.012771010932353628, 0.009722858605981159, 0.009722858605981159, 0.013921808549863105, 0.009722858605981159], [0.9443879410322996, 0.012519673857254146, 0.009722743809682133, 0.009722743809682133, 0.013924153681399883, 0.009722743809682133], [0.944475986109692, 0.012431603524215766, 0.00972274384927235, 0.00972274384927235, 0.013924178818275205, 0.00972274384927235], [0.9444031438459383, 0.012502489228265894, 0.009722858733497269, 0.009722858733497269, 0.013925790725304227, 0.009722858733497269], [0.03535606712207196, 0.02117625538081496, 0.00974044713412575, 0.00974044713412575, 0.9142463360947358, 0.00974044713412575], [0.9443994816133644, 0.012509510440624231, 0.009722858738225718, 0.009722858738225718, 0.01392243173133404, 0.009722858738225718], [0.9445661961022512, 0.012344525196241457, 0.009722743896016326, 0.009722743896016326, 0.013921047013458308, 0.009722743896016326], [0.9447737251005427, 0.01211910944449905, 0.009722669674773523, 0.009722669674773523, 0.013939156430637796, 0.009722669674773523], [0.03543200303506902, 0.02048160417094254, 0.00974002859949518, 0.00974002859949518, 0.914866306995503, 0.00974002859949518], [0.035409935722331635, 0.021068613942261137, 0.009740387134666613, 0.009740387134666613, 0.9143002889314074, 0.009740387134666613], [0.9441565059736395, 0.012742063377621609, 0.00972294646841906, 0.00972294646841906, 0.013932591243481682, 0.00972294646841906], [0.9435240129463714, 0.01337695670306779, 0.009723027005985915, 0.009723027005985915, 0.013929949332603143, 0.009723027005985915], [0.9434659867274838, 0.013435756591818254, 0.00972305467749335, 0.00972305467749335, 0.013929092648217824, 0.00972305467749335], [0.9471754284475726, 0.009719192538901765, 0.009719192538901765, 0.009719192538901765, 0.013947801396820243, 0.009719192538901765], [0.9472056649997811, 0.009713656074461372, 0.009713656074461372, 0.009713656074461372, 0.013939710702373351, 0.009713656074461372], [0.9444182145060183, 0.012474915299369128, 0.009722795827149876, 0.009722795827149876, 0.013938482713163057, 0.009722795827149876], [0.947226500437089, 0.009709312478457265, 0.009709312478457265, 0.009709312478457265, 0.013936249649081842, 0.009709312478457265]], [[0.9362593969430547, 0.020607952381003238, 0.009720254370434436, 0.009720254370434436, 0.013971887564638815, 0.009720254370434436], [0.9358248212935657, 0.02103460710994651, 0.009720329314534815, 0.009720329314534815, 0.013979583652883203, 0.009720329314534815], [0.8418313710526181, 0.04813287523663949, 0.06862165764831775, 0.009821931407441491, 0.021770233247541605, 0.009821931407441491], [0.860257462231862, 0.09648885279111968, 0.009720317874677283, 0.009720317874677283, 0.014092731352986604, 0.009720317874677283], [0.03811398319843997, 0.09539971742621797, 0.00973520303580273, 0.00973520303580273, 0.8372806902679338, 0.00973520303580273], [0.9414429740067726, 0.015381723715426123, 0.009720137490947241, 0.009720137490947241, 0.014014889804959749, 0.009720137490947241], [0.9458926030643773, 0.010934273570149674, 0.009720048572724191, 0.009720048572724191, 0.01401297764730047, 0.009720048572724191], [0.943240650971627, 0.013676219004407927, 0.009723028324582609, 0.009723028324582609, 0.013914045050217282, 0.009723028324582609], [0.9455974143153275, 0.011294549801983494, 0.009720231111434304, 0.009720231111434304, 0.013947342548386105, 0.009720231111434304], [0.03748850298462381, 0.028975319565951157, 0.009748764766707559, 0.009748764766707559, 0.9042898831493024, 0.009748764766707559], [0.9382457845673627, 0.018574568864289428, 0.009720231085769648, 0.009720231085769648, 0.014018953311039063, 0.009720231085769648], [0.8835239080648298, 0.07312313391068309, 0.009720295378961536, 0.009720295378961536, 0.014192071887602239, 0.009720295378961536], [0.8836556089436961, 0.0730283044741228, 0.009720320744841129, 0.009720320744841129, 0.014155124347657819, 0.009720320744841129], [0.9033834221444824, 0.05331089770669631, 0.00972029866866121, 0.00972029866866121, 0.014144784142837636, 0.00972029866866121], [0.940501145447369, 0.01632001351550953, 0.009720230975651495, 0.009720230975651495, 0.01401814811016716, 0.009720230975651495], [0.9299007115705574, 0.026852144774609867, 0.009720254274975705, 0.009720254274975705, 0.014086380829905647, 0.009720254274975705], [0.9401163706014397, 0.01670806672586305, 0.009720231237575828, 0.009720231237575828, 0.01401486895996988, 0.009720231237575828], [0.9000714515462617, 0.05660628216779349, 0.00972029829894241, 0.00972029829894241, 0.014161371389117628, 0.00972029829894241], [0.040386638343581756, 0.12724843363399793, 0.009735516160595278, 0.009735516160595278, 0.8031583795406345, 0.009735516160595278], [0.9363426995212388, 0.019849838587664276, 0.009767428871296032, 0.009767428871296032, 0.014505175277208807, 0.009767428871296032], [0.9451228448223882, 0.011767815793629701, 0.009720231215584173, 0.009720231215584173, 0.01394864573722975, 0.009720231215584173], [0.94286167945766, 0.01405299272878951, 0.009723056172365534, 0.009723056172365534, 0.013916159296453979, 0.009723056172365534], [0.035478030135952535, 0.023924871847398745, 0.009741090405010568, 0.009741090405010568, 0.9113738268016169, 0.009741090405010568], [0.9414893886209701, 0.015334853569896313, 0.009720114336844577, 0.009720114336844577, 0.01401541479859993, 0.009720114336844577], [0.9457844842111922, 0.011065007079683484, 0.009720048185077504, 0.009720048185077504, 0.013990364153891962, 0.009720048185077504], [0.9463538408041127, 0.010492776087286384, 0.009720047943643473, 0.009720047943643473, 0.013993239277670525, 0.009720047943643473], [0.9455422543631964, 0.011302153332319412, 0.009720114491003197, 0.009720114491003197, 0.013995248831474575, 0.009720114491003197], [0.9457733286315534, 0.011071533177268587, 0.009720137390948165, 0.009720137390948165, 0.013994726018333518, 0.009720137390948165], [0.9459462702273117, 0.010901701586554126, 0.009720114773124811, 0.009720114773124811, 0.013991683866759712, 0.009720114773124811], [0.9471496527151054, 0.009717335109116489, 0.009717335109116489, 0.009717335109116489, 0.013981006848428559, 0.009717335109116489], [0.9471228985013311, 0.009717638109337384, 0.009717638109337384, 0.009717638109337384, 0.014006549061319321, 0.009717638109337384], [0.9471073534746363, 0.009718404811019366, 0.009718404811019366, 0.009718404811019366, 0.01401902728128628, 0.009718404811019366], [0.9471010728354265, 0.009719998212234755, 0.009719998212234755, 0.009719998212234755, 0.014018934315634496, 0.009719998212234755], [0.9437242724859257, 0.013111825369772654, 0.009720159768630658, 0.009720159768630658, 0.014003422838409744, 0.009720159768630658], [0.9346186199630553, 0.022182199437347, 0.009720229887975195, 0.009720229887975195, 0.014038490935672198, 0.009720229887975195], [0.038014514877459216, 0.10624977535015892, 0.009735244549469741, 0.009735244549469741, 0.8265299761239727, 0.009735244549469741], [0.9410877625912909, 0.015765387323346862, 0.009723271356008707, 0.009723271356008707, 0.01397703601733607, 0.009723271356008707], [0.9465062671013849, 0.010385530263368772, 0.009720159636316122, 0.009720159636316122, 0.013947723726297915, 0.009720159636316122], [0.9472048671625471, 0.009713803575493516, 0.009713803575493516, 0.009713803575493516, 0.013939918535478954, 0.009713803575493516], [0.9472196061917503, 0.009711073582978756, 0.009711073582978756, 0.009711073582978756, 0.013936099476334727, 0.009711073582978756]], [[0.9424846449075848, 0.014398230920252445, 0.00972023476700004, 0.00972023476700004, 0.013956419871162678, 0.00972023476700004], [0.938866760959659, 0.017671938302269163, 0.009746114510414591, 0.009746114510414591, 0.014222957206828146, 0.009746114510414591], [0.865511485021603, 0.09124539304980558, 0.009720318674748724, 0.009720318674748724, 0.014082165904345134, 0.009720318674748724], [0.03898929789094317, 0.1714211054980067, 0.009735645288144565, 0.009735645288144565, 0.7603826607466164, 0.009735645288144565], [0.9291576361119097, 0.02764061914822618, 0.009720248456006924, 0.009720248456006924, 0.01404099937184328, 0.009720248456006924], [0.035844763559417375, 0.022340932570673322, 0.0097345555524071, 0.0097345555524071, 0.912610637212688, 0.0097345555524071], [0.9442971923845342, 0.012551555405716227, 0.009720114606988814, 0.009720114606988814, 0.013990908388783037, 0.009720114606988814], [0.9409141532075367, 0.01591634432636199, 0.00972023110254145, 0.00972023110254145, 0.014008809158477001, 0.00972023110254145], [0.9369242285549536, 0.01944439932910089, 0.009753575025345053, 0.009753575025345053, 0.014370647039910379, 0.009753575025345053], [0.8729355894759662, 0.08371511467366144, 0.009720319143320565, 0.009720319143320565, 0.014188338420410911, 0.009720319143320565], [0.03805329741440704, 0.10611788516474221, 0.009735355322942408, 0.009735355322942408, 0.8266227514520236, 0.009735355322942408], [0.8704222709692726, 0.08619809414123972, 0.009720318587922439, 0.009720318587922439, 0.014218679125720345, 0.009720318587922439], [0.40912193126756574, 0.545732450156541, 0.009742121774685307, 0.009742121774685307, 0.015919253251837264, 0.009742121774685307], [0.8873952024501673, 0.06922353627281408, 0.009720321479167654, 0.009720321479167654, 0.014220296839515803, 0.009720321479167654], [0.8979046435731649, 0.058800635701142016, 0.009720297914648677, 0.009720297914648677, 0.014133826981746955, 0.009720297914648677], [0.8815528807548729, 0.07514253964671995, 0.009720320556284797, 0.009720320556284797, 0.014143617929552668, 0.009720320556284797], [0.8957125637191229, 0.06101536977441407, 0.009720297467053685, 0.009720297467053685, 0.014111174105301863, 0.009720297467053685], [0.893453050160647, 0.06321337032499619, 0.009720322590340487, 0.009720322590340487, 0.014172611743335459, 0.009720322590340487], [0.4063232352801403, 0.5483401815468565, 0.009742119834855135, 0.009742119834855135, 0.016110223668437753, 0.009742119834855135], [0.8440899600760933, 0.11254942710693672, 0.009720316100416897, 0.009720316100416897, 0.01419966451571935, 0.009720316100416897], [0.9397792594035714, 0.016955444421348304, 0.009727682734675573, 0.009727682734675573, 0.014082247971053598, 0.009727682734675573], [0.9435891148641693, 0.01330469147564877, 0.009720233867362016, 0.009720233867362016, 0.013945492058095909, 0.009720233867362016], [0.9373815195793955, 0.01946365949518876, 0.009720254971152071, 0.009720254971152071, 0.01399405601195943, 0.009720254971152071], [0.9393492785679002, 0.017461999961064727, 0.009725694495266547, 0.009725694495266547, 0.014011637985235408, 0.009725694495266547], [0.03597014477781716, 0.03725543430235016, 0.009734723863705169, 0.009734723863705169, 0.8975702493287171, 0.009734723863705169], [0.9326375162537506, 0.024179034459481635, 0.009720208316027342, 0.009720208316027342, 0.01402282433868584, 0.009720208316027342], [0.03614507396741201, 0.031211911448468906, 0.009734856283234868, 0.009734856283234868, 0.9034384457344143, 0.009734856283234868], [0.9251541367330041, 0.03154981290304953, 0.009720253797841156, 0.009720253797841156, 0.014135288970422872, 0.009720253797841156], [0.9383533627373158, 0.018450808676918503, 0.009720231603596332, 0.009720231603596332, 0.014035133774976482, 0.009720231603596332], [0.9433927024416451, 0.013456608571896289, 0.009720160490004995, 0.009720160490004995, 0.013990207516443743, 0.009720160490004995], [0.9449807168231974, 0.01186179543697852, 0.009720137389156716, 0.009720137389156716, 0.013997075572353971, 0.009720137389156716], [0.03574826630841162, 0.01885449125503566, 0.009734539513289285, 0.009734539513289285, 0.9161936238966849, 0.009734539513289285], [0.945001210034066, 0.011819879805819151, 0.009720113882205589, 0.009720113882205589, 0.014018568513498099, 0.009720113882205589], [0.9367095157704322, 0.02006486474917959, 0.009720230445292069, 0.009720230445292069, 0.014064928144512212, 0.009720230445292069], [0.8178389706355844, 0.13871478725635897, 0.009720284925213894, 0.009720284925213894, 0.014285387332415012, 0.009720284925213894], [0.8018411964470061, 0.15467914739538707, 0.009720307576823696, 0.009720307576823696, 0.014318733427135584, 0.009720307576823696], [0.041204221660162466, 0.03435957604202592, 0.01499275005868971, 0.009814968041023603, 0.8898135161570748, 0.009814968041023603], [0.9440859535496141, 0.012796430477330051, 0.0097202307427452, 0.0097202307427452, 0.013956923744820235, 0.0097202307427452], [0.9435101033384667, 0.013388993690897112, 0.009723003793981866, 0.009723003793981866, 0.01393189158869061, 0.009723003793981866], [0.9472151216798698, 0.009712211205699218, 0.009712211205699218, 0.009712211205699218, 0.013936033497333383, 0.009712211205699218]], [[0.9449831901388616, 0.011909073406391692, 0.009720159796944848, 0.009720159796944848, 0.013947257063912338, 0.009720159796944848], [0.03622182388730155, 0.029099199542734752, 0.009743258320371675, 0.009743258320371675, 0.9054492016088487, 0.009743258320371675], [0.9011306997606842, 0.0556072944241656, 0.009720251846637823, 0.009720251846637823, 0.014101250275236602, 0.009720251846637823], [0.9332006494433053, 0.023631949582330482, 0.009720240827716274, 0.009720240827716274, 0.014006678491215473, 0.009720240827716274], [0.8940058648581366, 0.06271120601072994, 0.009720250563014754, 0.009720250563014754, 0.0141221774420892, 0.009720250563014754], [0.036442484042137575, 0.03681388417904979, 0.00973488361915822, 0.00973488361915822, 0.897538980921338, 0.00973488361915822], [0.9427576189181098, 0.014080894253131276, 0.009720160493433537, 0.009720160493433537, 0.014001005348458344, 0.009720160493433537], [0.9266945751738966, 0.030020885756748418, 0.009720253953615539, 0.009720253953615539, 0.014123777208508286, 0.009720253953615539], [0.8616812336356785, 0.09493921448779086, 0.009720317309543668, 0.009720317309543668, 0.014218599947899806, 0.009720317309543668], [0.39835953516705075, 0.5562172198082014, 0.009742115721221647, 0.009742115721221647, 0.016196897861082818, 0.009742115721221647], [0.888769341030107, 0.06791540800670828, 0.009720321813781381, 0.009720321813781381, 0.014154285521840775, 0.009720321813781381], [0.9018817016635505, 0.05478207273443618, 0.00972029845385041, 0.00972029845385041, 0.014175330240462221, 0.00972029845385041], [0.8966505329381987, 0.0600377880737677, 0.009720323041504523, 0.009720323041504523, 0.014150709863520137, 0.009720323041504523], [0.9049699334088636, 0.051660994801981185, 0.00972029899862904, 0.00972029899862904, 0.014208174793268257, 0.00972029899862904], [0.03982324083210056, 0.08679308404826964, 0.009735337391470818, 0.009735337391470818, 0.8441776629452173, 0.009735337391470818], [0.5312928753063597, 0.4231245243439716, 0.009742180910846662, 0.009742180910846662, 0.016356057617128664, 0.009742180910846662], [0.906042536543074, 0.050618039591533104, 0.009720324690395254, 0.009720324690395254, 0.01417844979420713, 0.009720324690395254], [0.9129023263108904, 0.043813296530523745, 0.009720300358581697, 0.009720300358581697, 0.014123476082840699, 0.009720300358581697], [0.9028771644190281, 0.053794529182518626, 0.009720324227099097, 0.009720324227099097, 0.01416733371715595, 0.009720324227099097], [0.038723209545962166, 0.09827367394256986, 0.009735324906007268, 0.009735324906007268, 0.8337971417934461, 0.009735324906007268], [0.9421204901166917, 0.014760478118306851, 0.009724206357892218, 0.009724206357892218, 0.013946412691324845, 0.009724206357892218], [0.9398867077768581, 0.016974199563214425, 0.009720304437537616, 0.009720304437537616, 0.01397817934731465, 0.009720304437537616], [0.9393087583696423, 0.017548918251839993, 0.009720330152103489, 0.009720330152103489, 0.013981332922207436, 0.009720330152103489], [0.040317360032634836, 0.04031050781766762, 0.010400790127527376, 0.009814669271277825, 0.8893420034796145, 0.009814669271277825], [0.036098473961433085, 0.047217977213068904, 0.009735603895694877, 0.009735603895694877, 0.8874767371384132, 0.009735603895694877], [0.036365150432847285, 0.058231846002359325, 0.00973508161578323, 0.00973508161578323, 0.8761977587174438, 0.00973508161578323], [0.03786635158243752, 0.1193391269373423, 0.0097354118816876, 0.0097354118816876, 0.8135882858351573, 0.0097354118816876], [0.040191738669992726, 0.12940679394478757, 0.009735524667808247, 0.009735524667808247, 0.8011948933817951, 0.009735524667808247], [0.8703090084052096, 0.08632321557487233, 0.009720293842556757, 0.009720293842556757, 0.014206894492247919, 0.009720293842556757], [0.03611882045983047, 0.031114731505145425, 0.009734856273835198, 0.009734856273835198, 0.9035618792135185, 0.009734856273835198], [0.037787729764850966, 0.06259109910022537, 0.009735055401969223, 0.009735055401969223, 0.8704160049290159, 0.009735055401969223], [0.9375100075051169, 0.019275609289078902, 0.009720231003610734, 0.009720231003610734, 0.014053690194971899, 0.009720231003610734], [0.03580952224554284, 0.025358593992074647, 0.009734669242429729, 0.009734669242429729, 0.9096278760350933, 0.009734669242429729], [0.03783052717528888, 0.07662345503107881, 0.009735115655627232, 0.009735115655627232, 0.8563406708267506, 0.009735115655627232], [0.040479391074780664, 0.1960571799896216, 0.0097358166956205, 0.0097358166956205, 0.7342559788487362, 0.0097358166956205], [0.2682655056699638, 0.6866887865403685, 0.00974205266330223, 0.00974205266330223, 0.015819549799760992, 0.00974205266330223], [0.7999145718425807, 0.1565907408484154, 0.009720307295077148, 0.009720307295077148, 0.014333765423772352, 0.009720307295077148], [0.9378101607536596, 0.018801993403941644, 0.00972966270685341, 0.00972966270685341, 0.014198857721838681, 0.00972966270685341], [0.9434520789147901, 0.01344779188706963, 0.009723031466468636, 0.009723031466468636, 0.013931034798734363, 0.009723031466468636], [0.9472135848458199, 0.009712601066932605, 0.009712601066932605, 0.009712601066932605, 0.01393601088644985, 0.009712601066932605]], [[0.9471695177742799, 0.009719959401951635, 0.009719959401951635, 0.009719959401951635, 0.013950644617913574, 0.009719959401951635], [0.9432399934002087, 0.013677177315581993, 0.009723046051208916, 0.009723046051208916, 0.013913691130582502, 0.009723046051208916], [0.9321243363750649, 0.02469796130514439, 0.009720230558319422, 0.009720230558319422, 0.014017010644832595, 0.009720230558319422], [0.8396757950069837, 0.11702431445035952, 0.00972028874010183, 0.00972028874010183, 0.014139024322351246, 0.00972028874010183], [0.8659593362053734, 0.09072128067752816, 0.009720318813885284, 0.009720318813885284, 0.014158426675442601, 0.009720318813885284], [0.8899578524298822, 0.0667538677665402, 0.00972029658049651, 0.00972029658049651, 0.014127390062088204, 0.00972029658049651], [0.9390356826401447, 0.0177775866269671, 0.00972023121010205, 0.00972023121010205, 0.014026037102582042, 0.00972023121010205], [0.03616639136669437, 0.029799178605713246, 0.009734850203849834, 0.009734850203849834, 0.904829879416043, 0.009734850203849834], [0.037728505264548406, 0.0702955868364312, 0.009735198145517392, 0.009735198145517392, 0.8627703134624682, 0.009735198145517392], [0.03958022864091801, 0.0826357716973376, 0.009735318147948313, 0.009735318147948313, 0.8485780452178994, 0.009735318147948313], [0.9075637151613142, 0.049090940902867294, 0.009720299417640707, 0.009720299417640707, 0.014184445682896375, 0.009720299417640707], [0.9412033840050602, 0.0156321826459077, 0.00972023056128798, 0.00972023056128798, 0.014003741665168157, 0.00972023056128798], [0.9312516764250423, 0.025561933287706517, 0.009720253833494601, 0.009720253833494601, 0.014025628786767474, 0.009720253833494601], [0.03741092984241176, 0.0444703091216325, 0.009734974421572033, 0.009734974421572033, 0.8889138377712397, 0.009734974421572033], [0.9060083911238248, 0.050788100963913445, 0.009720299485413716, 0.009720299485413716, 0.01404260945602055, 0.009720299485413716], [0.0384541959773886, 0.05440096555671177, 0.009735189275724128, 0.009735189275724128, 0.8779392706387271, 0.009735189275724128], [0.9127392107670772, 0.04405632399145621, 0.009720300511923437, 0.009720300511923437, 0.014043563705696399, 0.009720300511923437], [0.9408676261213259, 0.015997366776549914, 0.009720231303701202, 0.009720231303701202, 0.013974313191020694, 0.009720231303701202], [0.9273461617772856, 0.0293779863820826, 0.009720254010299353, 0.009720254010299353, 0.014115089809733755, 0.009720254010299353], [0.9331800407898676, 0.023639416690206586, 0.009720230332460458, 0.009720230332460458, 0.014019851522544459, 0.009720230332460458], [0.9102104207480632, 0.04650491785967049, 0.009720254355018795, 0.009720254355018795, 0.014123898327209748, 0.009720254355018795], [0.9383539516392695, 0.01816249004135282, 0.009748182682720225, 0.009748182682720225, 0.014239010271217063, 0.009748182682720225], [0.8415646986279635, 0.047526181808806287, 0.06930915485709481, 0.00982198114600756, 0.021956002414120407, 0.00982198114600756], [0.9343925931292244, 0.0224520619342897, 0.009720329528283379, 0.009720329528283379, 0.01399435635163594, 0.009720329528283379], [0.03789514372022078, 0.037955267059614356, 0.009759481071579486, 0.009759481071579486, 0.8948711460054264, 0.009759481071579486], [0.037602032482176855, 0.09156315378302303, 0.009735179833236542, 0.009735179833236542, 0.8416292742350904, 0.009735179833236542], [0.04098580019854352, 0.20966449012234786, 0.00973587799220931, 0.00973587799220931, 0.7201420757024807, 0.00973587799220931], [0.4357799779844174, 0.5188949234996866, 0.009742134467909853, 0.009742134467909853, 0.01609869511216627, 0.009742134467909853], [0.8549089165533655, 0.10169810558498653, 0.009720316639302198, 0.009720316639302198, 0.01423202794374133, 0.009720316639302198], [0.037930667098566906, 0.09865146185184973, 0.00973532270697757, 0.00973532270697757, 0.8342119029286507, 0.00973532270697757], [0.8677867101882452, 0.08888894267406888, 0.009720318278407239, 0.009720318278407239, 0.014163392302464436, 0.009720318278407239], [0.8755830340786744, 0.0810344242045237, 0.009720294102706856, 0.009720294102706856, 0.01422165940868149, 0.009720294102706856], [0.036272676628207025, 0.03501472921457685, 0.009734872480106842, 0.009734872480106842, 0.8995079767168958, 0.009734872480106842], [0.9327330418888794, 0.024021556501378674, 0.009720273843544899, 0.009720273843544899, 0.014084580079107106, 0.009720273843544899], [0.8178402068181047, 0.13871506161438787, 0.009720284927912274, 0.009720284927912274, 0.014283876783770704, 0.009720284927912274], [0.040483161219353477, 0.1948854183553878, 0.009735811621120256, 0.009735811621120256, 0.7354239855618979, 0.009735811621120256], [0.8230220082049792, 0.1335349260176527, 0.00972028579217191, 0.00972028579217191, 0.014282208400852404, 0.00972028579217191], [0.9335542491557841, 0.023234276561447744, 0.00972022980602074, 0.00972022980602074, 0.014050784864706005, 0.00972022980602074], [0.9434844941141652, 0.01340962170578537, 0.009723046078467917, 0.009723046078467917, 0.01393674594464568, 0.009723046078467917], [0.9472078314849431, 0.009712429812960967, 0.009712429812960967, 0.009712429812960967, 0.013942449263213053, 0.009712429812960967]], [[0.9472138740323114, 0.00971335780557826, 0.00971335780557826, 0.00971335780557826, 0.013932694745375656, 0.00971335780557826], [0.9433601106368755, 0.013559390664781658, 0.009723069498384902, 0.009723069498384902, 0.013911290203188213, 0.009723069498384902], [0.8949192191700305, 0.06180231420750247, 0.009720249793767868, 0.009720249793767868, 0.014117717241163397, 0.009720249793767868], [0.04138756767732491, 0.20604194338794793, 0.009735865056459929, 0.009735865056459929, 0.7233628937653475, 0.009735865056459929], [0.4109565664073923, 0.5436897682647166, 0.009742122085669911, 0.009742122085669911, 0.01612729907088138, 0.009742122085669911], [0.8798808626538723, 0.07681683996941037, 0.00972032026677523, 0.00972032026677523, 0.014141336576391604, 0.00972032026677523], [0.9292691416595195, 0.02746653716118901, 0.009720254205253586, 0.009720254205253586, 0.014103558563530705, 0.009720254205253586], [0.9436589933820986, 0.01318801977081741, 0.009720160195427676, 0.009720160195427676, 0.013992506260801096, 0.009720160195427676], [0.9387332639885309, 0.01808642786448147, 0.00972023117638027, 0.00972023117638027, 0.014019614617846902, 0.00972023117638027], [0.9275792161656813, 0.029142685095972554, 0.009720254046966956, 0.009720254046966956, 0.014117336597445183, 0.009720254046966956], [0.9398827177286634, 0.016934273773551858, 0.009720231085005438, 0.009720231085005438, 0.01402231524276843, 0.009720231085005438], [0.9393378632012768, 0.017489655280813365, 0.00972023043344928, 0.00972023043344928, 0.014011790217562018, 0.00972023043344928], [0.9133619083450608, 0.04345209525641101, 0.009720300584120966, 0.009720300584120966, 0.014025094646165335, 0.009720300584120966], [0.901875419848695, 0.05490194462440709, 0.009720324095837443, 0.009720324095837443, 0.014061663239385607, 0.009720324095837443], [0.8984721612524867, 0.05841136787712517, 0.00972029822212126, 0.00972029822212126, 0.01395557620402417, 0.00972029822212126], [0.9311912697039122, 0.025623699917214512, 0.009720255262531414, 0.009720255262531414, 0.01402426459127895, 0.009720255262531414], [0.9362172338564833, 0.02061853240596565, 0.009720232285448886, 0.009720232285448886, 0.014003536881204535, 0.009720232285448886], [0.9432954982607064, 0.013584602659422731, 0.009720160365332362, 0.009720160365332362, 0.013959417983873826, 0.009720160365332362], [0.9447417196394067, 0.012113837174874598, 0.009720137125503778, 0.009720137125503778, 0.013984031809207374, 0.009720137125503778], [0.03592123545736523, 0.022621338816473276, 0.009734607655580025, 0.009734607655580025, 0.9122536027594215, 0.009734607655580025], [0.03646501896129007, 0.03852877763653218, 0.009734908427401896, 0.009734908427401896, 0.895801478119972, 0.009734908427401896], [0.9058043383955948, 0.050956027107126586, 0.009720299907647, 0.009720299907647, 0.014078734774337532, 0.009720299907647], [0.8978845402881216, 0.05884034518294577, 0.00972032337958228, 0.00972032337958228, 0.01411414439018579, 0.00972032337958228], [0.9206507193128718, 0.03586350049088657, 0.009740070223926443, 0.009740070223926443, 0.014265569524462366, 0.009740070223926443], [0.9315606989817529, 0.025300431372300633, 0.009720229352567195, 0.009720229352567195, 0.013978181588244794, 0.009720229352567195], [0.9402098991925834, 0.01664672947193646, 0.009723198730438034, 0.009723198730438034, 0.013973775144166116, 0.009723198730438034], [0.9375722492150009, 0.018846918521085766, 0.009751984668291405, 0.009751984668291405, 0.014324878259039104, 0.009751984668291405], [0.89781044729301, 0.05887131668083383, 0.00972032329077005, 0.00972032329077005, 0.014157266153846064, 0.00972032329077005], [0.8787696121041965, 0.07789658024743128, 0.009720320094428254, 0.009720320094428254, 0.014172847365087483, 0.009720320094428254], [0.0403971930754243, 0.2007104915582693, 0.009735835839210357, 0.009735835839210357, 0.7296848078486753, 0.009735835839210357], [0.416173865973116, 0.5383266023514669, 0.00974212311882125, 0.00974212311882125, 0.01627316231895337, 0.00974212311882125], [0.8438713145559732, 0.11269533627337182, 0.009720314266643798, 0.009720314266643798, 0.014272406370723653, 0.009720314266643798], [0.9275312699852722, 0.02914124602327772, 0.009720253086715685, 0.009720253086715685, 0.014166724731302848, 0.009720253086715685], [0.03584155651165009, 0.024097949938548274, 0.00973466394451321, 0.00973466394451321, 0.910856501716262, 0.00973466394451321], [0.9376767318075692, 0.01911165204916099, 0.009720230275553497, 0.009720230275553497, 0.014050925316609305, 0.009720230275553497], [0.9195392216516776, 0.037114181930933195, 0.009720251878617431, 0.009720251878617431, 0.014185840781536991, 0.009720251878617431], [0.9376406035901288, 0.019144668706935868, 0.009720230515906503, 0.009720230515906503, 0.014054036155215749, 0.009720230515906503], [0.9433450506196003, 0.01349117574841461, 0.009720159704437749, 0.009720159704437749, 0.01400329451867179, 0.009720159704437749], [0.03541835164186211, 0.02151176422390353, 0.009740634472209618, 0.009740634472209618, 0.9138479807176055, 0.009740634472209618], [0.9472128568259612, 0.009711192197644162, 0.009711192197644162, 0.009711192197644162, 0.013942374383462216, 0.009711192197644162]], [[0.9472144516234339, 0.009712184115085887, 0.009712184115085887, 0.009712184115085887, 0.013936811916222707, 0.009712184115085887], [0.9434568377748125, 0.013451177772145304, 0.009723051950623713, 0.009723051950623713, 0.013922828601171161, 0.009723051950623713], [0.03616251284966522, 0.038514419898750214, 0.00973488839898836, 0.00973488839898836, 0.8961184020546195, 0.00973488839898836], [0.8356226439299751, 0.12099950895143514, 0.009720288053592851, 0.009720288053592851, 0.014216982957811224, 0.009720288053592851], [0.8717632121293376, 0.08488880276904913, 0.009720318940536725, 0.009720318940536725, 0.01418702828000319, 0.009720318940536725], [0.8915299241825315, 0.0651880646420458, 0.00972029679211435, 0.00972029679211435, 0.01412112079907951, 0.00972029679211435], [0.9409971476152981, 0.015847362920930266, 0.009720231106274043, 0.009720231106274043, 0.013994796144949478, 0.009720231106274043], [0.946075795904643, 0.01078799455834641, 0.009720114266771397, 0.009720114266771397, 0.013975866736696438, 0.009720114266771397], [0.9459182360112076, 0.010939560603946534, 0.0097201142584044, 0.0097201142584044, 0.013981860609632616, 0.0097201142584044], [0.9456290805210819, 0.01121235357805121, 0.009720137235314823, 0.009720137235314823, 0.013998154194922514, 0.009720137235314823], [0.945057936983246, 0.01177324391188349, 0.009720136816855596, 0.009720136816855596, 0.014008408654303788, 0.009720136816855596], [0.9283246862584618, 0.0284004883505898, 0.009720253485907476, 0.009720253485907476, 0.01411406493322602, 0.009720253485907476], [0.8619661068880902, 0.09459808440696862, 0.009720319063747934, 0.009720319063747934, 0.014274851513697423, 0.009720319063747934], [0.4134924438251859, 0.5399181560626855, 0.00974212005318505, 0.00974212005318505, 0.017363039952573305, 0.00974212005318505], [0.7557004720054535, 0.20059004378837453, 0.009720301893489302, 0.009720301893489302, 0.014548578525703956, 0.009720301893489302], [0.9302422978157262, 0.026584166894739945, 0.009720254945881286, 0.009720254945881286, 0.014012770451890094, 0.009720254945881286], [0.03531135615639584, 0.01899876525121261, 0.009734639342408827, 0.009734639342408827, 0.916485960565165, 0.009734639342408827], [0.035551042086899506, 0.021085610565658004, 0.009734649747833987, 0.009734649747833987, 0.9141593981039405, 0.009734649747833987], [0.9403697238142229, 0.016497874812512855, 0.009720231362220432, 0.009720231362220432, 0.013971707286603038, 0.009720231362220432], [0.9199132798168869, 0.03681656386902708, 0.009720252853453376, 0.009720252853453376, 0.014109397753725949, 0.009720252853453376], [0.03639070607174658, 0.038182830431083795, 0.009734886618073783, 0.009734886618073783, 0.8962218036429483, 0.009734886618073783], [0.9146852457995, 0.04203444022463184, 0.009720228482264445, 0.009720228482264445, 0.014119628529074875, 0.009720228482264445], [0.8979914987808768, 0.05861452835381387, 0.0097202494057681, 0.0097202494057681, 0.014233224648004932, 0.0097202494057681], [0.04376463350696233, 0.4450834395527397, 0.009739633663123252, 0.009739633663123252, 0.48193302595092824, 0.009739633663123252], [0.04386552661385551, 0.38662584261298644, 0.009742900710537497, 0.009742900710537497, 0.5402799286415455, 0.009742900710537497], [0.9455083563563386, 0.01138177405497965, 0.009720159526622533, 0.009720159526622533, 0.013949391008814394, 0.009720159526622533], [0.9438588288359088, 0.013002744685265395, 0.009720255251351919, 0.009720255251351919,