[[[0.9472532856910444, 0.009701666837306454, 0.009701666837306454, 0.009701666837306454, 0.013940046959729866, 0.009701666837306454], [0.9472503283107951, 0.009702386285420403, 0.009702386285420403, 0.009702386285420403, 0.013940126547523211, 0.009702386285420403], [0.9472493563946439, 0.009702632840237984, 0.009702632840237984, 0.009702632840237984, 0.013940112244404244, 0.009702632840237984], [0.947250573482582, 0.009702340974213885, 0.009702340974213885, 0.009702340974213885, 0.01394006262056242, 0.009702340974213885], [0.9472537051892784, 0.00970156688709892, 0.00970156688709892, 0.00970156688709892, 0.013940027262326054, 0.00970156688709892], [0.9472537051892784, 0.00970156688709892, 0.00970156688709892, 0.00970156688709892, 0.013940027262326054, 0.00970156688709892], [0.9472509546521172, 0.009702270528704364, 0.009702270528704364, 0.009702270528704364, 0.013939963233065452, 0.009702270528704364], [0.9472499827467481, 0.00970251708074241, 0.00970251708074241, 0.00970251708074241, 0.013939948930282175, 0.00970251708074241], [0.9472553473692824, 0.009701994641417817, 0.009701994641417817, 0.009701994641417817, 0.013936674065046211, 0.009701994641417817], [0.9472583602647731, 0.009701242521058058, 0.009701242521058058, 0.009701242521058058, 0.013936669650994573, 0.009701242521058058], [0.947250527088347, 0.009703229626837487, 0.009703229626837487, 0.009703229626837487, 0.013936554404302914, 0.009703229626837487], [0.9472390294147823, 0.009706201237228972, 0.009706201237228972, 0.009706201237228972, 0.01393616563630189, 0.009706201237228972], [0.9472201547177891, 0.009709356464328113, 0.009709356464328113, 0.009709356464328113, 0.0139424194248984, 0.009709356464328113], [0.9472101145745098, 0.009711903446122987, 0.009711903446122987, 0.009711903446122987, 0.01394227164099834, 0.009711903446122987], [0.9472019647073049, 0.009713946358395687, 0.009713946358395687, 0.009713946358395687, 0.013942249859112472, 0.009713946358395687], [0.9471839833085821, 0.00971873989119429, 0.00971873989119429, 0.00971873989119429, 0.013941057126640675, 0.00971873989119429], [0.9471794976952145, 0.009719577591116003, 0.009719577591116003, 0.009719577591116003, 0.013942191940321522, 0.009719577591116003], [0.9471811920695604, 0.009719147762361756, 0.009719147762361756, 0.009719147762361756, 0.013942216880992647, 0.009719147762361756], [0.9471827983426514, 0.009719196554436593, 0.009719196554436593, 0.009719196554436593, 0.013940415439602087, 0.009719196554436593], [0.9465641153632496, 0.010335084293844853, 0.00972015984915983, 0.00972015984915983, 0.01394032079542608, 0.00972015984915983], [0.9453917628825466, 0.011496484926928948, 0.009720231214530846, 0.009720231214530846, 0.013951058546931868, 0.009720231214530846], [0.9421210039154053, 0.01473043478143549, 0.009720255108969098, 0.009720255108969098, 0.013987795976251877, 0.009720255108969098], [0.9453917628825466, 0.011496484926928948, 0.009720231214530846, 0.009720231214530846, 0.013951058546931868, 0.009720231214530846], [0.946421815062592, 0.0104767681128105, 0.009720159840795776, 0.009720159840795776, 0.013940937302210302, 0.009720159840795776], [0.9471986520789855, 0.009716391141247336, 0.009716391141247336, 0.009716391141247336, 0.01393578335602526, 0.009716391141247336], [0.9462517505893508, 0.010643329293906226, 0.009720113848818721, 0.009720113848818721, 0.013944578570286713, 0.009720113848818721], [0.9460115386145521, 0.010879924419625498, 0.009720136743798315, 0.009720136743798315, 0.013948126734427356, 0.009720136743798315], [0.9444488212289367, 0.012446641920003382, 0.009720113626503202, 0.009720113626503202, 0.013944195971550282, 0.009720113626503202], [0.9464565871068685, 0.01043682567947968, 0.009720047292373638, 0.009720047292373638, 0.013946445336531025, 0.009720047292373638], [0.9471997203320852, 0.009716857200487235, 0.009716857200487235, 0.009716857200487235, 0.013932850865965903, 0.009716857200487235], [0.9472228484782476, 0.009710797638067559, 0.009710797638067559, 0.009710797638067559, 0.01393396096948224, 0.009710797638067559], [0.947241395088064, 0.009706574084239035, 0.009706574084239035, 0.009706574084239035, 0.013932308574979946, 0.009706574084239035], [0.9472322473060095, 0.009709060359734012, 0.009709060359734012, 0.009709060359734012, 0.013931511255054365, 0.009709060359734012], [0.9472175138700855, 0.009711838177906254, 0.009711838177906254, 0.009711838177906254, 0.013935133418289473, 0.009711838177906254], [0.9472033229227451, 0.009713946590423812, 0.009713946590423812, 0.009713946590423812, 0.013940890715559694, 0.009713946590423812], [0.9471743117870638, 0.009719398993606581, 0.009719398993606581, 0.009719398993606581, 0.013948092238509976, 0.009719398993606581], [0.9471822889991678, 0.009719169702940204, 0.009719169702940204, 0.009719169702940204, 0.013941032189071594, 0.009719169702940204], [0.9471839833085821, 0.00971873989119429, 0.00971873989119429, 0.00971873989119429, 0.013941057126640675, 0.00971873989119429], [0.9472092111165227, 0.0097137358330721, 0.0097137358330721, 0.0097137358330721, 0.01393584555118907, 0.0097137358330721], [0.9472171146305964, 0.009711758904720754, 0.009711758904720754, 0.009711758904720754, 0.01393584975052066, 0.009711758904720754]], [[0.9472318090669013, 0.00970528213189765, 0.00970528213189765, 0.00970528213189765, 0.01394706240550808, 0.00970528213189765], [0.9451859821288541, 0.01168330298092349, 0.009722427813192608, 0.009722427813192608, 0.013963431450644655, 0.009722427813192608], [0.9444184787030372, 0.01238715457123522, 0.00972267919092975, 0.00972267919092975, 0.014026329152938378, 0.00972267919092975], [0.9444776702890042, 0.012327340805212271, 0.00972266642031096, 0.00972266642031096, 0.014026989644850635, 0.00972266642031096], [0.9446313198094879, 0.012172109567833628, 0.009722610816377006, 0.009722610816377006, 0.014028738173547491, 0.009722610816377006], [0.9453165996526196, 0.011550874975485622, 0.009722392226646972, 0.009722392226646972, 0.013965348691953946, 0.009722392226646972], [0.9452419532419881, 0.011637853970392393, 0.009722401382350645, 0.009722401382350645, 0.013952988640567501, 0.009722401382350645], [0.9472344231318028, 0.00970601130114174, 0.00970601130114174, 0.00970601130114174, 0.01394153166363012, 0.00970601130114174], [0.9472399138296237, 0.009705482882178382, 0.009705482882178382, 0.009705482882178382, 0.013938154641662655, 0.009705482882178382], [0.9454029575441766, 0.011481932786828459, 0.009722328732047569, 0.009722328732047569, 0.013948123472852202, 0.009722328732047569], [0.9453981457400693, 0.011481922772170144, 0.009722328720737392, 0.009722328720737392, 0.013952945325548242, 0.009722328720737392], [0.9449631642959987, 0.011922934787567566, 0.009722544596175641, 0.009722544596175641, 0.01394626712790687, 0.009722544596175641], [0.9440113198915906, 0.012829201690269644, 0.009722951840993362, 0.009722951840993362, 0.013990622895159767, 0.009722951840993362], [0.03541167396794561, 0.021757143259123105, 0.009740697022508625, 0.009740697022508625, 0.9136090917054054, 0.009740697022508625], [0.06266564122897064, 0.08378164348605405, 0.058910086810095824, 0.00981941964576503, 0.7750037891833493, 0.00981941964576503], [0.9405414859969053, 0.016269658058697182, 0.009723412861030784, 0.009723412861030784, 0.01401861736130523, 0.009723412861030784], [0.9353567944632276, 0.021290904200355096, 0.009726406561166055, 0.009726406561166055, 0.014173081652919313, 0.009726406561166055], [0.9390116437433355, 0.017817620726863638, 0.009723276577143627, 0.009723276577143627, 0.014000905798370095, 0.009723276577143627], [0.9395612520668477, 0.0173001568005184, 0.009723186058951902, 0.009723186058951902, 0.01396903295577827, 0.009723186058951902], [0.1032520380495827, 0.07896022717603468, 0.0624660357691357, 0.0098198889630249, 0.7356819210791972, 0.0098198889630249], [0.03894449601490401, 0.0316912554516439, 0.009789243506336975, 0.009789243506336975, 0.8999965180144411, 0.009789243506336975], [0.9357907707353348, 0.020650012446747613, 0.009747381453179297, 0.009747381453179297, 0.014317072458379819, 0.009747381453179297], [0.0391308038755944, 0.03140718803678711, 0.009786576199074706, 0.009786576199074706, 0.9001022794903942, 0.009786576199074706], [0.9419808816080968, 0.014901935221625098, 0.009723293581294175, 0.009723293581294175, 0.01394730242639572, 0.009723293581294175], [0.9422541453312646, 0.014661095590608707, 0.009723078881323021, 0.009723078881323021, 0.013915522434157484, 0.009723078881323021], [0.9402130197707728, 0.01663534651151625, 0.009724869567120065, 0.009724869567120065, 0.01397702501635101, 0.009724869567120065], [0.9371076924240894, 0.01956825713837261, 0.009730799342609927, 0.009730799342609927, 0.014131652409708173, 0.009730799342609927], [0.036804014867793264, 0.04499435279406243, 0.009745092374359034, 0.009745092374359034, 0.8889663552150673, 0.009745092374359034], [0.9389764259625889, 0.017928676067481848, 0.00972316182220612, 0.00972316182220612, 0.013925412503311096, 0.00972316182220612], [0.9430746678607594, 0.013829520766026034, 0.009723017010638924, 0.009723017010638924, 0.013926760341297901, 0.009723017010638924], [0.9443394466789138, 0.012564201075711908, 0.009722785282664617, 0.009722785282664617, 0.013927996397380411, 0.009722785282664617], [0.947226316412646, 0.009708560785851845, 0.009708560785851845, 0.009708560785851845, 0.013939440443946542, 0.009708560785851845], [0.9445375981928426, 0.01236308227689456, 0.009722795514581469, 0.009722795514581469, 0.013930932986518325, 0.009722795514581469], [0.9436639113569049, 0.013201104010990963, 0.009723081643100455, 0.009723081643100455, 0.013965739702802847, 0.009723081643100455], [0.03557052545128188, 0.024586966510710566, 0.00974103999777473, 0.00974103999777473, 0.9106193880446833, 0.00974103999777473], [0.9281356545756907, 0.028523502170213065, 0.00972378974114569, 0.00972378974114569, 0.014169474030659183, 0.00972378974114569], [0.09661397071304449, 0.11385979621842121, 0.0675251936946341, 0.009820313970042351, 0.7023604114338154, 0.009820313970042351], [0.9395825991859595, 0.017223983698966758, 0.009723425363859322, 0.009723425363859322, 0.014023141023495691, 0.009723425363859322], [0.9429325818094448, 0.013970091574212173, 0.009723082498568313, 0.009723082498568313, 0.013928079120638178, 0.009723082498568313], [0.9472092111165227, 0.0097137358330721, 0.0097137358330721, 0.0097137358330721, 0.01393584555118907, 0.0097137358330721]], [[0.9472186292036403, 0.00970862561286347, 0.00970862561286347, 0.00970862561286347, 0.013946868344905767, 0.00970862561286347], [0.03549086482581844, 0.020467934369228103, 0.009739944802915113, 0.009739944802915113, 0.914821366396208, 0.009739944802915113], [0.9456092948143725, 0.011126887701340822, 0.00971980676062237, 0.00971980676062237, 0.014104397202419464, 0.00971980676062237], [0.037565214043242895, 0.28390618468210166, 0.009738541442858932, 0.009738541442858932, 0.6493129769460787, 0.009738541442858932], [0.03560980346510837, 0.015477031045242621, 0.009733680712181824, 0.009733680712181824, 0.9197121233531035, 0.009733680712181824], [0.9471216558735841, 0.009714145581177155, 0.009714145581177155, 0.009714145581177155, 0.014021761801707368, 0.009714145581177155], [0.9448157253298332, 0.012076955502794567, 0.00972260952300832, 0.00972260952300832, 0.013939490598347318, 0.00972260952300832], [0.9472253093553651, 0.009709221561166112, 0.009709221561166112, 0.009709221561166112, 0.013937804399970452, 0.009709221561166112], [0.9472263510708826, 0.009708935648620298, 0.009708935648620298, 0.009708935648620298, 0.01393790633463634, 0.009708935648620298], [0.9472284971617647, 0.009707842374375787, 0.009707842374375787, 0.009707842374375787, 0.01394013334073214, 0.009707842374375787], [0.9451957674708628, 0.011693904404237045, 0.009722427052586505, 0.009722427052586505, 0.013943046967140866, 0.009722427052586505], [0.9471407975115368, 0.009713455859806572, 0.009713455859806572, 0.009713455859806572, 0.014005379049236965, 0.009713455859806572], [0.9436703013011118, 0.013056146492039893, 0.009719962458474625, 0.009719962458474625, 0.014113664831424443, 0.009719962458474625], [0.041329120454110045, 0.3204421054974476, 0.009738950245947252, 0.009738950245947252, 0.6090119233106006, 0.009738950245947252], [0.03645922574657351, 0.05508909513453966, 0.009734959472562752, 0.009734959472562752, 0.8792468007011986, 0.009734959472562752], [0.04358379780807443, 0.7516239598616228, 0.009741143025539073, 0.009741143025539073, 0.17556881325368542, 0.009741143025539073], [0.8877986504055434, 0.06875056371928527, 0.009720321610116423, 0.009720321610116423, 0.01428982104482205, 0.009720321610116423], [0.05870768753501671, 0.6382053822831362, 0.009740682251565625, 0.009740682251565625, 0.27386488342715015, 0.009740682251565625], [0.05483269446899998, 0.6416452703887948, 0.00974067798060639, 0.00974067798060639, 0.27430000120038583, 0.00974067798060639], [0.9006920139616936, 0.05593891132439164, 0.00972032385265506, 0.00972032385265506, 0.01420810315594954, 0.00972032385265506], [0.03985566096850229, 0.08592570009967859, 0.00973533390502208, 0.00973533390502208, 0.8450126372167528, 0.00973533390502208], [0.4892343707208482, 0.4650685415725405, 0.009742159602854425, 0.009742159602854425, 0.016470608898048043, 0.009742159602854425], [0.9000129851154928, 0.05664460093453021, 0.009720323779938572, 0.009720323779938572, 0.01418144261016124, 0.009720323779938572], [0.9146158336815398, 0.04211337577824879, 0.009720252035930459, 0.009720252035930459, 0.014110034432419965, 0.009720252035930459], [0.036454911737433045, 0.035259454523381924, 0.009734887291379469, 0.009734887291379469, 0.8990809718650465, 0.009734887291379469], [0.9028632314032455, 0.053884191667115354, 0.009720299517105431, 0.009720299517105431, 0.014091678378322783, 0.009720299517105431], [0.8898618296420479, 0.0668676192418155, 0.009720322826662627, 0.009720322826662627, 0.014109582636148919, 0.009720322826662627], [0.9380500817928852, 0.01843092763450546, 0.009749145430111492, 0.009749145430111492, 0.014271554282274914, 0.009749145430111492], [0.9260637132830652, 0.03072652929981942, 0.009720245014772602, 0.009720245014772602, 0.014049022372797523, 0.009720245014772602], [0.9426425807267534, 0.014257744328356671, 0.009723113113393727, 0.009723113113393727, 0.013930335604708858, 0.009723113113393727], [0.9471945446586714, 0.009715990763558972, 0.009715990763558972, 0.009715990763558972, 0.013941492287092891, 0.009715990763558972], [0.03534740500356728, 0.020568218196211234, 0.009740007823602214, 0.009740007823602214, 0.9148643533294148, 0.009740007823602214], [0.03553660417067879, 0.015906296711690984, 0.009734188598118742, 0.009734188598118742, 0.919354533323274, 0.009734188598118742], [0.9305489843424787, 0.02612387713646977, 0.009720114096586165, 0.009720114096586165, 0.014166796231292942, 0.009720114096586165], [0.046741326449635155, 0.4137568758736252, 0.009739503273377447, 0.009739503273377447, 0.5102832878566071, 0.009739503273377447], [0.03879244375784217, 0.2217221303100754, 0.009735861456969334, 0.009735861456969334, 0.7102778415611744, 0.009735861456969334], [0.04143090174529102, 0.83786416178947, 0.009741560758449426, 0.009741560758449426, 0.09148025418989066, 0.009741560758449426], [0.03901840616352892, 0.26702391461371744, 0.009736058894462942, 0.009736058894462942, 0.6647495025393647, 0.009736058894462942], [0.9396151511655502, 0.017188052052147528, 0.00972343437789223, 0.00972343437789223, 0.014026493648625637, 0.00972343437789223], [0.9471839833085821, 0.00971873989119429, 0.00971873989119429, 0.00971873989119429, 0.013941057126640675, 0.00971873989119429]], [[0.947206243288396, 0.009711767684298071, 0.009711767684298071, 0.009711767684298071, 0.013946685974411862, 0.009711767684298071], [0.9435439485269261, 0.013273422190812758, 0.009723096163429602, 0.009723096163429602, 0.014013340791972424, 0.009723096163429602], [0.9380621456209888, 0.01855413851377234, 0.00971998352388677, 0.00971998352388677, 0.0142237652935785, 0.00971998352388677], [0.9381160680446302, 0.018507645035693104, 0.009719963145313792, 0.009719963145313792, 0.014216397483735203, 0.009719963145313792], [0.03565121171613815, 0.01753508650449333, 0.00973406141117572, 0.00973406141117572, 0.9176115175458412, 0.00973406141117572], [0.9450758138202199, 0.011639854976421928, 0.009719902353762312, 0.009719902353762312, 0.014124624142071138, 0.009719902353762312], [0.9461110321454042, 0.010673577172921781, 0.009719962734932834, 0.009719962734932834, 0.014055502476875438, 0.009719962734932834], [0.9438130766109897, 0.01303020688126734, 0.009723050288295277, 0.009723050288295277, 0.013987565642857186, 0.009723050288295277], [0.9443343883710379, 0.012554449662822027, 0.009722862935257558, 0.009722862935257558, 0.01394257316036741, 0.009722862935257558], [0.9472128568259612, 0.009711192197644162, 0.009711192197644162, 0.009711192197644162, 0.013942374383462216, 0.009711192197644162], [0.9447965183179916, 0.012098441254283067, 0.00972261623103229, 0.00972261623103229, 0.013937191734628483, 0.00972261623103229], [0.9462421711808978, 0.010515043809089434, 0.009719806729478987, 0.009719806729478987, 0.014083364821575637, 0.009719806729478987], [0.03565496355552048, 0.017342251355368262, 0.009734241070175542, 0.009734241070175542, 0.9178000618785845, 0.009734241070175542], [0.04020247034238355, 0.3726509829889457, 0.009739415392430688, 0.009739415392430688, 0.5579283004913788, 0.009739415392430688], [0.038473986311258195, 0.1715536963564535, 0.009735528267866087, 0.009735528267866087, 0.76076573252869, 0.009735528267866087], [0.048391209604856315, 0.796336924860256, 0.009741399224455395, 0.009741399224455395, 0.12604766786152155, 0.009741399224455395], [0.8852087909895041, 0.07132573448557623, 0.00972034709674848, 0.00972034709674848, 0.014304433234674263, 0.00972034709674848], [0.07773353541528195, 0.6706459765894238, 0.009740955082946872, 0.009740955082946872, 0.2223976227464536, 0.009740955082946872], [0.885063682990556, 0.07158824050652414, 0.00972032137221994, 0.00972032137221994, 0.014187112386260008, 0.00972032137221994], [0.49785811513618083, 0.17967463438939482, 0.00973800901709618, 0.00973800901709618, 0.2932532234231358, 0.00973800901709618], [0.9006920139616936, 0.05593891132439164, 0.00972032385265506, 0.00972032385265506, 0.01420810315594954, 0.00972032385265506], [0.8971204233031719, 0.05949178505372625, 0.009720323276427705, 0.009720323276427705, 0.014226821813818834, 0.009720323276427705], [0.038598918398806664, 0.08048001732578777, 0.009735246851696345, 0.009735246851696345, 0.8517153237203166, 0.009735246851696345], [0.9382658202686015, 0.018557813415674192, 0.009720231112879013, 0.009720231112879013, 0.014015672977087551, 0.009720231112879013], [0.9276899845328308, 0.029063407600748825, 0.00972025523797597, 0.00972025523797597, 0.014085842152492395, 0.00972025523797597], [0.9064850644216096, 0.05024866254074341, 0.009720325710615632, 0.009720325710615632, 0.014105295905799906, 0.009720325710615632], [0.8407796623968361, 0.047446525198934754, 0.07014319246864999, 0.00982204175157796, 0.021986536432423168, 0.00982204175157796], [0.9383414262920596, 0.018512497173952105, 0.009720329912657236, 0.009720329912657236, 0.013985086796016725, 0.009720329912657236], [0.03775047641384762, 0.03356370718246717, 0.009750549451317687, 0.009750549451317687, 0.8994341680497321, 0.009750549451317687], [0.9460340747287292, 0.010854625925593133, 0.00972013674313265, 0.00972013674313265, 0.013950889116279635, 0.00972013674313265], [0.9471683368463597, 0.009719088181717852, 0.009719088181717852, 0.009719088181717852, 0.013955310426768909, 0.009719088181717852], [0.035318816405972876, 0.020981083288728195, 0.009740225596179573, 0.009740225596179573, 0.9144794235167601, 0.009740225596179573], [0.9455471568055235, 0.011222698532412876, 0.009720048239077994, 0.009720048239077994, 0.0140699999448296, 0.009720048239077994], [0.04082115610076494, 0.3357849236768096, 0.009739051819112606, 0.009739051819112606, 0.5941767647650877, 0.009739051819112606], [0.7834571558726903, 0.17309783564203454, 0.009720231901488772, 0.009720231901488772, 0.01428431278080898, 0.009720231901488772], [0.04081707215121604, 0.2558691378607845, 0.009736078677258123, 0.009736078677258123, 0.6741055539562251, 0.009736078677258123], [0.6191493658963785, 0.3374353912702983, 0.009720303276983724, 0.009720303276983724, 0.014254333002372119, 0.009720303276983724], [0.033502971976772336, 0.8894579040098618, 0.009741764330946706, 0.009741764330946706, 0.047813831020525624, 0.009741764330946706], [0.9113773483735115, 0.044915808659674025, 0.009732918506124812, 0.009732918506124812, 0.014508087448440067, 0.009732918506124812], [0.9471822889991652, 0.009719169702940395, 0.009719169702940395, 0.009719169702940395, 0.01394103218907333, 0.009719169702940395]], [[0.9472038918478027, 0.009714183128624767, 0.009714183128624767, 0.009714183128624767, 0.013939375637698254, 0.009714183128624767], [0.9376129006466559, 0.019152098451482455, 0.009723575485492315, 0.009723575485492315, 0.014064274445384694, 0.009723575485492315], [0.042295879188004176, 0.33627976262298753, 0.0097390458227408, 0.0097390458227408, 0.5922072207207858, 0.0097390458227408], [0.04413867564560432, 0.3478842845023412, 0.00973909688125589, 0.00973909688125589, 0.5787597492082868, 0.00973909688125589], [0.03556265969823004, 0.016876054945184373, 0.009734380876806151, 0.009734380876806151, 0.9183581427261671, 0.009734380876806151], [0.9447045985957853, 0.01203004486498694, 0.009720047534400136, 0.009720047534400136, 0.014105213936027495, 0.009720047534400136], [0.04333987053973097, 0.3140627982070108, 0.009738933062044, 0.009738933062044, 0.6133805320671262, 0.009738933062044], [0.9431350525999501, 0.013618285832888174, 0.009720136740122723, 0.009720136740122723, 0.014086251346793461, 0.009720136740122723], [0.03580234687616144, 0.018704084189498135, 0.009734538593639814, 0.009734538593639814, 0.916289953153421, 0.009734538593639814], [0.94413808644529, 0.01275710310247659, 0.009722955872682713, 0.009722955872682713, 0.013935942834185313, 0.009722955872682713], [0.9472130270868121, 0.009711758816073827, 0.009711758816073827, 0.009711758816073827, 0.013939937648892536, 0.009711758816073827], [0.9439422377398711, 0.012903275899085536, 0.009722989300406153, 0.009722989300406153, 0.013985518459824884, 0.009722989300406153], [0.03777749786158809, 0.3043226733675695, 0.009738809445678634, 0.009738809445678634, 0.6286834004338064, 0.009738809445678634], [0.035926417121019516, 0.02551602272772872, 0.009734568117777776, 0.009734568117777776, 0.9093538557979184, 0.009734568117777776], [0.0366745240127254, 0.08215408446944464, 0.009735077840316887, 0.009735077840316887, 0.8519661579968794, 0.009735077840316887], [0.039225702108152356, 0.17870996873158385, 0.00973567655287678, 0.00973567655287678, 0.7528572995016334, 0.00973567655287678], [0.889268278645623, 0.06734514482943041, 0.009720322164191919, 0.009720322164191919, 0.01422561003237108, 0.009720322164191919], [0.9046745651060316, 0.051988837379785574, 0.009720299258735127, 0.009720299258735127, 0.014175699737977521, 0.009720299258735127], [0.9110421838357413, 0.04571788644803093, 0.009720300276140886, 0.009720300276140886, 0.01407902888780509, 0.009720300276140886], [0.9201008220449124, 0.03667560634753069, 0.009720327683630145, 0.009720327683630145, 0.01406258855666636, 0.009720327683630145], [0.03765352113870859, 0.05679344504697039, 0.00973513999992167, 0.00973513999992167, 0.8763476138145561, 0.00973513999992167], [0.9289283670695913, 0.027774765821129994, 0.009720254299764669, 0.009720254299764669, 0.014136104209984983, 0.009720254299764669], [0.938769465538999, 0.018055104055555087, 0.009720231415233092, 0.009720231415233092, 0.014014736159746669, 0.009720231415233092], [0.9420606859649424, 0.01479148995951725, 0.009720160233598263, 0.009720160233598263, 0.013987343374745451, 0.009720160233598263], [0.9390820100727972, 0.01775492516027996, 0.00972023935871656, 0.00972023935871656, 0.014002346690773037, 0.00972023935871656], [0.9146326753826332, 0.042123471417465544, 0.009720301232687455, 0.009720301232687455, 0.014082949501839028, 0.009720301232687455], [0.9378826671567763, 0.018606877955670252, 0.009749644602268452, 0.009749644602268452, 0.014261521080748117, 0.009749644602268452], [0.929784205239239, 0.0270653115491684, 0.009720303108457307, 0.009720303108457307, 0.013989573886220788, 0.009720303108457307], [0.9424192563351595, 0.014461883652156502, 0.009720236073012655, 0.009720236073012655, 0.013958151793646014, 0.009720236073012655], [0.9417140365540405, 0.015135263542337428, 0.009720113324927834, 0.009720113324927834, 0.013990359928838467, 0.009720113324927834], [0.946672752389298, 0.010200197838366672, 0.00971998302691941, 0.00971998302691941, 0.013967100691576915, 0.00971998302691941], [0.9435600178150882, 0.013307299631560396, 0.009722897474890505, 0.009722897474890505, 0.013963990128679927, 0.009722897474890505], [0.9430870340040437, 0.01368542081813684, 0.009720114539417464, 0.009720114539417464, 0.014067201559567009, 0.009720114539417464], [0.9321367380353667, 0.024604363621211753, 0.009720230300856744, 0.009720230300856744, 0.014098207440851173, 0.009720230300856744], [0.8559692903773953, 0.10067081275249756, 0.009720291497347391, 0.009720291497347391, 0.014199022378064986, 0.009720291497347391], [0.041028882137239917, 0.16749060480843303, 0.009735697506388306, 0.009735697506388306, 0.7622734205351622, 0.009735697506388306], [0.664981363532441, 0.29156898081123417, 0.009720284893188111, 0.009720284893188111, 0.014288800976760684, 0.009720284893188111], [0.03967160832977415, 0.8024992157064257, 0.009741365197203786, 0.009741365197203786, 0.12860508037218876, 0.009741365197203786], [0.9266265726815232, 0.03011063733783505, 0.009723729833238158, 0.009723729833238158, 0.014091600480927375, 0.009723729833238158], [0.9471839833085821, 0.00971873989119429, 0.00971873989119429, 0.00971873989119429, 0.013941057126640675, 0.00971873989119429]], [[0.9461453112667996, 0.010743083056011326, 0.009720159600025601, 0.009720159600025601, 0.013951126877112327, 0.009720159600025601], [0.9233792867199854, 0.033254921097084826, 0.009724020826411897, 0.009724020826411897, 0.014193729703694232, 0.009724020826411897], [0.04972084240740644, 0.6863158230908779, 0.009740832754257923, 0.009740832754257923, 0.23474083623894196, 0.009740832754257923], [0.03656815391528461, 0.07034162618194839, 0.009735026322142952, 0.009735026322142952, 0.8638851409363382, 0.009735026322142952], [0.03597752612223492, 0.03194868252390036, 0.009734698115764278, 0.009734698115764278, 0.902869697006572, 0.009734698115764278], [0.03583875067384256, 0.028708819109854507, 0.009734683360668163, 0.009734683360668163, 0.9062483801342984, 0.009734683360668163], [0.9207715662102517, 0.03592953660827761, 0.009720227569830688, 0.009720227569830688, 0.01413821447197861, 0.009720227569830688], [0.8727750767663436, 0.08372032191013778, 0.0097202440302625, 0.0097202440302625, 0.014343869232731126, 0.0097202440302625], [0.03649148325070603, 0.056116049530108486, 0.009734964442334453, 0.009734964442334453, 0.878187573892182, 0.009734964442334453], [0.9392506475691851, 0.017521671511075535, 0.00972015894799839, 0.00972015894799839, 0.01406720407574431, 0.00972015894799839], [0.9441604259812159, 0.012738595586943468, 0.009722914339221456, 0.009722914339221456, 0.013932235414176406, 0.009722914339221456], [0.9471746511140481, 0.009716786118200295, 0.009716786118200295, 0.009716786118200295, 0.013958204413150719, 0.009716786118200295], [0.9397506277892472, 0.017091967605106725, 0.00972324278882245, 0.00972324278882245, 0.013987676239178647, 0.00972324278882245], [0.048902323586209585, 0.3969088016749161, 0.009739431280642972, 0.009739431280642972, 0.5249705808969455, 0.009739431280642972], [0.9016052026519347, 0.05494727604305681, 0.009720248656679203, 0.009720248656679203, 0.014286775334970804, 0.009720248656679203], [0.0362795865652816, 0.03553671634750781, 0.009734874165866825, 0.009734874165866825, 0.8989790745896101, 0.009734874165866825], [0.060551614480905576, 0.6117655706747984, 0.009740568001348404, 0.009740568001348404, 0.2984611108402507, 0.009740568001348404], [0.038069164080460204, 0.05518585645484626, 0.009735190699747109, 0.009735190699747109, 0.8775394073654522, 0.009735190699747109], [0.9085808991070247, 0.048205130520469784, 0.009720300383031113, 0.009720300383031113, 0.014053069223412446, 0.009720300383031113], [0.036229784590939305, 0.02981549446459253, 0.009734904121131493, 0.009734904121131493, 0.9047500085810738, 0.009734904121131493], [0.9242052870333131, 0.032506468535905816, 0.009720253894380448, 0.009720253894380448, 0.014127482747639891, 0.009720253894380448], [0.03588034820553866, 0.027154677228488227, 0.009734836802289303, 0.009734836802289303, 0.9077604641591053, 0.009734836802289303], [0.9425068651141283, 0.0143354160434112, 0.009720160347747486, 0.009720160347747486, 0.0139972377992181, 0.009720160347747486], [0.9421563554913772, 0.014695789567447904, 0.009720160299204056, 0.009720160299204056, 0.0139873740435628, 0.009720160299204056], [0.9391732424250289, 0.01766376211914203, 0.009720231258986868, 0.009720231258986868, 0.014002301678868331, 0.009720231258986868], [0.03821004984164063, 0.06098579728152339, 0.009735050070866513, 0.009735050070866513, 0.8715990026642364, 0.009735050070866513], [0.9102104207480632, 0.04650491785967049, 0.009720254355018795, 0.009720254355018795, 0.014123898327209748, 0.009720254355018795], [0.03608968678129994, 0.027136889505965153, 0.009741362422570534, 0.009741362422570534, 0.9075493364450232, 0.009741362422570534], [0.03581632829037748, 0.03426565743763527, 0.009741282351134367, 0.009741282351134367, 0.9006941672185841, 0.009741282351134367], [0.035683759052580456, 0.0329543540587387, 0.009741259258526185, 0.009741259258526185, 0.9021381091131023, 0.009741259258526185], [0.036329527184063286, 0.37532965339453517, 0.009743694262000913, 0.009743694262000913, 0.5591097366353988, 0.009743694262000913], [0.03570400695974688, 0.018396559874595896, 0.009734536434367412, 0.009734536434367412, 0.916695823862555, 0.009734536434367412], [0.03568826814126998, 0.01833961547970955, 0.009734587865510354, 0.009734587865510354, 0.9167683527824895, 0.009734587865510354], [0.9246729378223659, 0.03206811735042116, 0.009720254161486575, 0.009720254161486575, 0.01409818234275322, 0.009720254161486575], [0.884401576671545, 0.07232090243293389, 0.009720322076252305, 0.009720322076252305, 0.014116554666764347, 0.009720322076252305], [0.345438448895056, 0.3454082073856422, 0.009738003939897108, 0.009738003939897108, 0.27993933189961046, 0.009738003939897108], [0.8125696671042929, 0.1439692617481997, 0.009720309343556445, 0.009720309343556445, 0.01430014311683816, 0.009720309343556445], [0.8842009478999499, 0.0723204830087821, 0.009720246316279074, 0.009720246316279074, 0.01431783014243083, 0.009720246316279074], [0.9414091233510677, 0.015432432841747635, 0.009723288631511938, 0.009723288631511938, 0.01398857791264888, 0.009723288631511938], [0.9472019647073049, 0.009713946358395687, 0.009713946358395687, 0.009713946358395687, 0.013942249859112472, 0.009713946358395687]], [[0.9432985645468199, 0.013579404672543493, 0.009720230636534382, 0.009720230636534382, 0.01396133887103357, 0.009720230636534382], [0.0408672970920611, 0.033857715075144845, 0.014505255717323987, 0.009814934020411871, 0.8911398640746463, 0.009814934020411871], [0.04044285880404356, 0.26831336030021274, 0.009736130779798149, 0.009736130779798149, 0.6620353885563491, 0.009736130779798149], [0.8110192776877669, 0.1457068502233195, 0.009720283300544193, 0.009720283300544193, 0.014113022187281133, 0.009720283300544193], [0.04594553490290302, 0.4155754033467087, 0.009739652589494618, 0.009739652589494618, 0.5092601039819044, 0.009739652589494618], [0.9318766556362332, 0.024845028957112877, 0.009720229272517072, 0.009720229272517072, 0.014117627589102932, 0.009720229272517072], [0.8178802836749717, 0.1386926943859151, 0.009720284471710926, 0.009720284471710926, 0.014266168523980424, 0.009720284471710926], [0.04065461671410887, 0.848399807537916, 0.009741606335413362, 0.009741606335413362, 0.081720756741735, 0.009741606335413362], [0.035340470299544964, 0.8437618601437905, 0.009741538970359143, 0.009741538970359143, 0.09167305264558696, 0.009741538970359143], [0.03628607687276866, 0.03564303774061656, 0.0097348746552943, 0.0097348746552943, 0.8988662614207319, 0.0097348746552943], [0.9456103486400699, 0.011219704664049436, 0.009720113916341, 0.009720113916341, 0.01400960494685769, 0.009720113916341], [0.9435347298772482, 0.013366689472914625, 0.00972299490545602, 0.00972299490545602, 0.013929595933469083, 0.00972299490545602], [0.944301992401941, 0.01257435044065981, 0.00972023066934582, 0.00972023066934582, 0.013962965149361784, 0.00972023066934582], [0.9365012637563223, 0.019620153229282445, 0.00977185436497781, 0.00977185436497781, 0.014563019919461734, 0.00977185436497781], [0.04089535844545721, 0.15371234094632846, 0.00973563397690848, 0.00973563397690848, 0.7761853986774889, 0.00973563397690848], [0.8989557192221983, 0.05769357869701077, 0.009720297960075976, 0.009720297960075976, 0.014189808200563205, 0.009720297960075976], [0.9001187108556691, 0.05651991353929533, 0.009720323684053777, 0.009720323684053777, 0.014200404552874224, 0.009720323684053777], [0.4916059834428513, 0.1706636911437328, 0.009737938861192447, 0.009737938861192447, 0.30851650882983844, 0.009737938861192447], [0.039381364703039386, 0.0991699688930259, 0.00973538910281731, 0.00973538910281731, 0.8322424990954828, 0.00973538910281731], [0.0372330547975105, 0.052476471654003425, 0.009735118024822832, 0.009735118024822832, 0.8810851194740176, 0.009735118024822832], [0.8890214755257875, 0.06772146163292007, 0.009720322193973749, 0.009720322193973749, 0.01409609625937118, 0.009720322193973749], [0.03701652262046697, 0.05144425399293116, 0.009735112471033857, 0.009735112471033857, 0.8823338859735004, 0.009735112471033857], [0.03588034820553866, 0.027154677228488227, 0.009734836802289303, 0.009734836802289303, 0.9077604641591053, 0.009734836802289303], [0.9405605552965909, 0.016275992049744756, 0.009720231233291764, 0.009720231233291764, 0.014002758953788897, 0.009720231233291764], [0.9041419672214862, 0.05255289468488698, 0.00972029904283001, 0.00972029904283001, 0.014144240965136765, 0.00972029904283001], [0.8976446911816536, 0.05902435701163114, 0.009720327497333186, 0.009720327497333186, 0.014169969314715597, 0.009720327497333186], [0.8839168190374417, 0.0727643823853607, 0.009720295712089148, 0.009720295712089148, 0.014157911440930357, 0.009720295712089148], [0.036458654804010074, 0.045721894739013516, 0.00973491986919857, 0.00973491986919857, 0.8886146908493808, 0.00973491986919857], [0.03735220709131761, 0.41418678853763813, 0.009739621085933528, 0.009739621085933528, 0.5192421411132435, 0.009739621085933528], [0.03655483147707438, 0.050775413853757535, 0.009734942797275126, 0.009734942797275126, 0.8834649262773426, 0.009734942797275126], [0.06854119884935024, 0.5241057058684976, 0.00974016132928009, 0.00974016132928009, 0.37813261129431197, 0.00974016132928009], [0.9328141560628792, 0.023918066843643844, 0.009720230492537152, 0.009720230492537152, 0.014107085615865551, 0.009720230492537152], [0.9399515718448481, 0.016848263484804997, 0.009720159476546263, 0.009720159476546263, 0.014039686240708065, 0.009720159476546263], [0.9392830891776577, 0.01754374208252099, 0.00972023116368343, 0.00972023116368343, 0.014012475248771084, 0.00972023116368343], [0.9134548582623448, 0.04326342561392183, 0.009720300897739419, 0.009720300897739419, 0.014120813430515095, 0.009720300897739419], [0.9060477739718706, 0.050638417253422094, 0.009720324839759329, 0.009720324839759329, 0.014152834255429313, 0.009720324839759329], [0.9005003365672942, 0.056200754034510615, 0.009720298467931836, 0.009720298467931836, 0.01413801399439965, 0.009720298467931836], [0.036345663036095766, 0.03410064064016619, 0.009734868886138028, 0.009734868886138028, 0.900349089665324, 0.009734868886138028], [0.03556731292685675, 0.022983396855650418, 0.009740952075719308, 0.009740952075719308, 0.9122264339903349, 0.009740952075719308], [0.9472083901409036, 0.009712326533477488, 0.009712326533477488, 0.009712326533477488, 0.013942303725186619, 0.009712326533477488]], [[0.9333186378164937, 0.02350645647251227, 0.009720253526304085, 0.009720253526304085, 0.014014145132081789, 0.009720253526304085], [0.9339085239870164, 0.021775928963849892, 0.009805923467732252, 0.009805923467732252, 0.014897776645936877, 0.009805923467732252], [0.5960071014956867, 0.3348298031781839, 0.009841528278801389, 0.022609034588963135, 0.026871004179563358, 0.009841528278801389], [0.04101895713562483, 0.8563768735582914, 0.009741646426671573, 0.009741646426671573, 0.07337923002606901, 0.009741646426671573], [0.038088315504698156, 0.09114822608781004, 0.009735178210266262, 0.009735178210266262, 0.841557923776693, 0.009735178210266262], [0.03771010654787722, 0.07270863655946945, 0.009735096489571358, 0.009735096489571358, 0.8603759674239393, 0.009735096489571358], [0.8154182808107162, 0.14116429066907146, 0.00972030935162493, 0.00972030935162493, 0.01425650046533753, 0.00972030935162493], [0.3409173395219647, 0.6138975993131728, 0.009742086998407807, 0.009742086998407807, 0.01595880016963901, 0.009742086998407807], [0.699776422308351, 0.25676722873763924, 0.00972029042856434, 0.00972029042856434, 0.014295477668316776, 0.00972029042856434], [0.879812062838252, 0.07672217397500398, 0.009720245119136797, 0.009720245119136797, 0.014305027829333579, 0.009720245119136797], [0.03577099736915873, 0.022740140850912027, 0.009734605904169564, 0.009734605904169564, 0.9122850440674205, 0.009734605904169564], [0.937203088283552, 0.01952668884432318, 0.009720135723737894, 0.009720135723737894, 0.014109815700911172, 0.009720135723737894], [0.9371494539220859, 0.019495550745729177, 0.009726355588001803, 0.009726355588001803, 0.014175928568179523, 0.009726355588001803], [0.9331028891719677, 0.0236909569556357, 0.009720328754108725, 0.009720328754108725, 0.014045167610070361, 0.009720328754108725], [0.7849865692582806, 0.057871760350693226, 0.11157788308322839, 0.009825045207974024, 0.02591369689184972, 0.009825045207974024], [0.9382372650096327, 0.01812747114967935, 0.009757330108884995, 0.009757330108884995, 0.01436327351403318, 0.009757330108884995], [0.9146947354281584, 0.04200961827371979, 0.009720301089102362, 0.009720301089102362, 0.014134743030814833, 0.009720301089102362], [0.9066229527284952, 0.05009085673355494, 0.009720325306942505, 0.009720325306942505, 0.014125214617122244, 0.009720325306942505], [0.037990778001388344, 0.09428142742455506, 0.009735303693500952, 0.009735303693500952, 0.8385218834935537, 0.009735303693500952], [0.041748366609679774, 0.7356569778176627, 0.009741073929911262, 0.009741073929911262, 0.19337143378292374, 0.009741073929911262], [0.32764240372273457, 0.6252011057843957, 0.009742071815683035, 0.009742071815683035, 0.017930275045820617, 0.009742071815683035], [0.038401251178886854, 0.06400280936919275, 0.00973523094386668, 0.00973523094386668, 0.8683902466203204, 0.00973523094386668], [0.9290221935487805, 0.027777391021584445, 0.009720254473872302, 0.009720254473872302, 0.014039652008018225, 0.009720254473872302], [0.9302165417792497, 0.02649824088514458, 0.00972025441916785, 0.00972025441916785, 0.014124454078102089, 0.00972025441916785], [0.902850777224401, 0.05379274638914905, 0.009720324176132021, 0.009720324176132021, 0.014195503858053982, 0.009720324176132021], [0.4984087026568697, 0.4562302894479219, 0.009742165776259245, 0.009742165776259245, 0.01613451056643073, 0.009742165776259245], [0.8984327890007324, 0.05824166401093501, 0.009720323463852954, 0.009720323463852954, 0.014164576596773844, 0.009720323463852954], [0.9204279259688098, 0.0362485