[[[0.9472767098684781, 0.00969613065071316, 0.00969613065071316, 0.00969613065071316, 0.013938767528669235, 0.00969613065071316], [0.9472768832384348, 0.009697317406295198, 0.009697317406295198, 0.009697317406295198, 0.013933847136384474, 0.009697317406295198], [0.9472614636862435, 0.009698509977307916, 0.009698509977307916, 0.009698509977307916, 0.013944496404524808, 0.009698509977307916], [0.9472591609270303, 0.009699094141755973, 0.009699094141755973, 0.009699094141755973, 0.0139444625059458, 0.009699094141755973], [0.947255916344719, 0.009699450688206704, 0.009699450688206704, 0.009699450688206704, 0.01394628090245441, 0.009699450688206704], [0.9472591609270303, 0.009699094141755973, 0.009699094141755973, 0.009699094141755973, 0.0139444625059458, 0.009699094141755973], [0.9472614636862435, 0.009698509977307916, 0.009698509977307916, 0.009698509977307916, 0.013944496404524808, 0.009698509977307916], [0.9472667376203019, 0.009698851338401208, 0.009698851338401208, 0.009698851338401208, 0.013937857026093322, 0.009698851338401208], [0.9472609764099248, 0.009700312833264642, 0.009700312833264642, 0.009700312833264642, 0.013937772257016836, 0.009700312833264642], [0.9472489275507753, 0.009701690121586176, 0.009701690121586176, 0.009701690121586176, 0.013944311962880046, 0.009701690121586176], [0.9472460914947284, 0.009702409572888706, 0.009702409572888706, 0.009702409572888706, 0.01394427021371664, 0.009702409572888706], [0.9472332816664021, 0.009705192642924802, 0.009705192642924802, 0.009705192642924802, 0.013945947761898553, 0.009705192642924802], [0.9472228905726011, 0.00970831809199273, 0.00970831809199273, 0.00970831809199273, 0.01394383705942803, 0.00970831809199273], [0.9472105049834801, 0.00971146007058184, 0.00971146007058184, 0.00971146007058184, 0.013943654734192538, 0.00971146007058184], [0.9472075248311179, 0.009713909314647167, 0.009713909314647167, 0.009713909314647167, 0.013936837910293516, 0.009713909314647167], [0.9465783719492368, 0.010318762386715617, 0.009720159632958532, 0.009720159632958532, 0.013942386765172225, 0.009720159632958532], [0.9451447205574934, 0.011744040647514616, 0.009720230913997178, 0.009720230913997178, 0.013950546053000373, 0.009720230913997178], [0.9346137072378915, 0.022188852220924687, 0.009720253658176197, 0.009720253658176197, 0.014036679566655373, 0.009720253658176197], [0.9424541733213265, 0.014400568381740782, 0.009720230504341761, 0.009720230504341761, 0.013984566783907488, 0.009720230504341761], [0.9394695528684298, 0.017391589625161834, 0.009720229995893273, 0.009720229995893273, 0.013978167518728607, 0.009720229995893273], [0.939228971462424, 0.017598203257576026, 0.009720254284755878, 0.009720254284755878, 0.014012062425732176, 0.009720254284755878], [0.9398985860240388, 0.01696608053162019, 0.009720230052229913, 0.009720230052229913, 0.013974643287651146, 0.009720230052229913], [0.9454876909558144, 0.011389653705494137, 0.009720159410283336, 0.009720159410283336, 0.01396217710784138, 0.009720159410283336], [0.9453779386938939, 0.011490191906533612, 0.009720113467392958, 0.009720113467392958, 0.013971528997393757, 0.009720113467392958], [0.946737665859468, 0.010139773418635272, 0.00972013643795619, 0.00972013643795619, 0.013962151408028277, 0.00972013643795619], [0.9453779386938939, 0.011490191906533612, 0.009720113467392958, 0.009720113467392958, 0.013971528997393757, 0.009720113467392958], [0.9452608958739701, 0.011576666297049912, 0.009720047059307351, 0.009720047059307351, 0.014002296651057988, 0.009720047059307351], [0.9453779386938939, 0.011490191906533612, 0.009720113467392958, 0.009720113467392958, 0.013971528997393757, 0.009720113467392958], [0.9465979544247619, 0.010269528082481187, 0.009720136435154448, 0.009720136435154448, 0.013972108187293546, 0.009720136435154448], [0.9471411836917636, 0.009747324097799503, 0.009720113663717252, 0.009720113663717252, 0.013951151219285116, 0.009720113663717252], [0.9463028700297847, 0.01058658055079324, 0.009720159618873951, 0.009720159618873951, 0.013950070562800206, 0.009720159618873951], [0.9424541733213265, 0.014400568381740782, 0.009720230504341761, 0.009720230504341761, 0.013984566783907488, 0.009720230504341761], [0.9316984101613798, 0.02509557878238756, 0.00972025318572674, 0.00972025318572674, 0.014045251499052367, 0.00972025318572674], [0.9330949104505077, 0.023728050942774012, 0.009720229289254445, 0.009720229289254445, 0.014016350738954944, 0.009720229289254445], [0.944642888937728, 0.012225984608495317, 0.00972015937399357, 0.00972015937399357, 0.013970648331795961, 0.00972015937399357], [0.9442584890615716, 0.012598573250192287, 0.009720159343704553, 0.009720159343704553, 0.013982459657122377, 0.009720159343704553], [0.943431191767168, 0.013449645431633447, 0.009720230655546724, 0.009720230655546724, 0.013958470834558354, 0.009720230655546724], [0.9334325276939701, 0.023398548830331486, 0.009720253543532776, 0.009720253543532776, 0.014008162845100092, 0.009720253543532776], [0.9427369222329511, 0.014152474740013531, 0.009720230505917214, 0.009720230505917214, 0.013949911509283734, 0.009720230505917214], [0.9463764928378713, 0.010520804894105267, 0.009720159599150145, 0.009720159599150145, 0.013942223470572862, 0.009720159599150145]], [[0.9472640576154755, 0.009699094220425225, 0.009699094220425225, 0.009699094220425225, 0.013939565502823699, 0.009699094220425225], [0.945921634999703, 0.010939851248512905, 0.009722075192276837, 0.009722075192276837, 0.013972288174953528, 0.009722075192276837], [0.9457117486743453, 0.011145675115336269, 0.009722163970379753, 0.009722163970379753, 0.013976084299179216, 0.009722163970379753], [0.03552677720386322, 0.0188467988604436, 0.009738963460259778, 0.009738963460259778, 0.9164095335549138, 0.009738963460259778], [0.9472425208370419, 0.009702812519030225, 0.009702812519030225, 0.009702812519030225, 0.013946229086837427, 0.009702812519030225], [0.03559095683263085, 0.018853542768782122, 0.009738944230988455, 0.009738944230988455, 0.9163386677056217, 0.009738944230988455], [0.945790471109821, 0.01107678066400105, 0.009722145769864472, 0.009722145769864472, 0.01396631091658466, 0.009722145769864472], [0.9457982125743866, 0.01107949651582614, 0.009722120487517428, 0.009722120487517428, 0.013955929447234975, 0.009722120487517428], [0.9455608298719482, 0.011320042495189475, 0.009722233645758267, 0.009722233645758267, 0.01395242669558755, 0.009722233645758267], [0.945336843161447, 0.011536458561149609, 0.00972236199995087, 0.00972236199995087, 0.013959612277550992, 0.00972236199995087], [0.0355609430122415, 0.01966030580936367, 0.00973945122333225, 0.00973945122333225, 0.9155603975083981, 0.00973945122333225], [0.9451012393031812, 0.011764237351604293, 0.009722462561946525, 0.009722462561946525, 0.013967135659375, 0.009722462561946525], [0.035466665766887326, 0.020441530452494652, 0.00973996936917694, 0.00973996936917694, 0.9148718956730872, 0.00973996936917694], [0.944328919470948, 0.01256170431049362, 0.009722844590351344, 0.009722844590351344, 0.013940842447504254, 0.009722844590351344], [0.9435435970228088, 0.013363598094962292, 0.009722981858165012, 0.009722981858165012, 0.013923859307733903, 0.009722981858165012], [0.9422375920744467, 0.014644872167050732, 0.009723167247335324, 0.009723167247335324, 0.013948034016496769, 0.009723167247335324], [0.9358776043896497, 0.019985505020221655, 0.009793930670485465, 0.009793930670485465, 0.014755098578672212, 0.009793930670485465], [0.9037625012693804, 0.04783287172222813, 0.013389685685580256, 0.009808747575742679, 0.015397446171325761, 0.009808747575742679], [0.0605250601697519, 0.6014976493092529, 0.05389327300319483, 0.009818130439197399, 0.26444775663940556, 0.009818130439197399], [0.9055529855669021, 0.04486096912766283, 0.014637778084016267, 0.009808764978434817, 0.015330737264549199, 0.009808764978434817], [0.07580842901075192, 0.6660336788623408, 0.03933489042168583, 0.009817325696399237, 0.19918835031242293, 0.009817325696399237], [0.11947758526721765, 0.20507809357460322, 0.21327915567572117, 0.009831445615582479, 0.44250227425129296, 0.009831445615582479], [0.055931237495814294, 0.40370559433749237, 0.009745738434168325, 0.009745738434168325, 0.5111259528641883, 0.009745738434168325], [0.07293367098527839, 0.15252294489401913, 0.06043451807253175, 0.009819776880386178, 0.6944693122873983, 0.009819776880386178], [0.07120499854286534, 0.44056631657585654, 0.00978468418903016, 0.00978468418903016, 0.4588746323141877, 0.00978468418903016], [0.9368087410481404, 0.01998213017562086, 0.009723415078819273, 0.009723415078819273, 0.014038883539781045, 0.009723415078819273], [0.042139355105466264, 0.3968661138383525, 0.009745583630708253, 0.009745583630708253, 0.5317577801640565, 0.009745583630708253], [0.04858627076515086, 0.39226001946566236, 0.009745645524845206, 0.009745645524845206, 0.529916773194651, 0.009745645524845206], [0.09592794446095779, 0.27480455634381856, 0.07420935858520494, 0.009821100591181593, 0.5354159394276554, 0.009821100591181593], [0.03610116713677524, 0.030251334736863984, 0.009741447061778824, 0.009741447061778824, 0.9044231569410243, 0.009741447061778824], [0.0991134123794481, 0.11660083488887706, 0.009850412645397636, 0.02244791708434051, 0.7421370103565391, 0.009850412645397636], [0.11989039746185183, 0.15880937424521466, 0.20112045077503432, 0.009830457137189543, 0.50051886324352, 0.009830457137189543], [0.07831163563677564, 0.6235995814012572, 0.052292290207307884, 0.009818105236337415, 0.22616028228198456, 0.009818105236337415], [0.9053262244819427, 0.04178978521584074, 0.017528955864014782, 0.009808837146398231, 0.015737360145405263, 0.009808837146398231], [0.05157261357289299, 0.3996044545588439, 0.009746235459452416, 0.009746235459452416, 0.5195842254899058, 0.009746235459452416], [0.938313389178248, 0.018460386454562182, 0.009723514433319503, 0.009723514433319503, 0.014055681067231372, 0.009723514433319503], [0.04143638376686386, 0.03490118832161704, 0.01612250735795775, 0.009815044864270879, 0.8879098308250195, 0.009815044864270879], [0.16192869707386093, 0.12891079250851403, 0.20007507468516225, 0.00983046889309578, 0.48942449794627124, 0.00983046889309578], [0.9313923608431572, 0.02368408894448326, 0.0103193971536733, 0.009808658703244794, 0.014986835652196422, 0.009808658703244794], [0.9427369222329511, 0.014152474740013531, 0.009720230505917214, 0.009720230505917214, 0.013949911509283734, 0.009720230505917214]], [[0.9472455398741868, 0.009702082998573697, 0.009702082998573697, 0.009702082998573697, 0.01394612813151857, 0.009702082998573697], [0.03549175163876091, 0.019146825268679987, 0.00973914501814249, 0.00973914501814249, 0.9161439880381316, 0.00973914501814249], [0.0356546754925244, 0.014560137148237923, 0.009733281466535399, 0.009733281466535399, 0.9205853429596315, 0.009733281466535399], [0.94514139765327, 0.011723639358742724, 0.009722435850314941, 0.009722435850314941, 0.013967655437042476, 0.009722435850314941], [0.9472235324955397, 0.009706759785595181, 0.009706759785595181, 0.009706759785595181, 0.013949428362079595, 0.009706759785595181], [0.9472297411736306, 0.009706054447103327, 0.009706054447103327, 0.009706054447103327, 0.01394604103795614, 0.009706054447103327], [0.945336843161447, 0.011536458561149609, 0.00972236199995087, 0.00972236199995087, 0.013959612277550992, 0.00972236199995087], [0.9454145128376374, 0.01146830929792731, 0.009722303393798188, 0.009722303393798188, 0.013950267683040666, 0.009722303393798188], [0.9471467780443859, 0.009711897090731328, 0.009711897090731328, 0.009711897090731328, 0.014005633592688785, 0.009711897090731328], [0.9471148013466252, 0.009714931124915727, 0.009714931124915727, 0.009714931124915727, 0.014025474153711909, 0.009714931124915727], [0.947126867685092, 0.009714759053475614, 0.009714759053475614, 0.009714759053475614, 0.014014096101005569, 0.009714759053475614], [0.9470930586213545, 0.009719750783010834, 0.009719750783010834, 0.009719750783010834, 0.014027938246602333, 0.009719750783010834], [0.03561193436406632, 0.015169903074656215, 0.009733839174373966, 0.009733839174373966, 0.9200166450381556, 0.009733839174373966], [0.9470983986519182, 0.00971943466182501, 0.00971943466182501, 0.00971943466182501, 0.014023862700781613, 0.00971943466182501], [0.9453473276174267, 0.01148235736306635, 0.009720136740041687, 0.009720136740041687, 0.014009904799381915, 0.009720136740041687], [0.9291167073036085, 0.02760985086598915, 0.009720253167370164, 0.009720253167370164, 0.014112682328292013, 0.009720253167370164], [0.8955437596834482, 0.061130457526712305, 0.009720322804030146, 0.009720322804030146, 0.014164814377749059, 0.009720322804030146], [0.3009387749104165, 0.653787133297094, 0.009742066863862073, 0.009742066863862073, 0.016047891200903355, 0.009742066863862073], [0.040564203961333846, 0.23855801288397177, 0.0097360013668279, 0.0097360013668279, 0.6916697790542107, 0.0097360013668279], [0.04074162970734866, 0.1955157857520194, 0.00973581511616966, 0.00973581511616966, 0.7345351391921229, 0.00973581511616966], [0.28060594292475677, 0.6741930483697062, 0.009742057043480364, 0.009742057043480364, 0.01597483757509598, 0.009742057043480364], [0.04179802871691978, 0.8428943925026212, 0.009741586125136028, 0.009741586125136028, 0.0860828204050509, 0.009741586125136028], [0.06506412384536438, 0.5804134894452514, 0.009740407446052441, 0.009740407446052441, 0.3253011643712269, 0.009740407446052441], [0.0386626952836743, 0.8084345203411458, 0.009741387689065685, 0.009741387689065685, 0.1236786213079828, 0.009741387689065685], [0.04068957896351856, 0.22737328682911576, 0.009735953354377542, 0.009735953354377542, 0.702729274144233, 0.009735953354377542], [0.03865260657113902, 0.808106067536643, 0.009741386065037471, 0.009741386065037471, 0.1240171676971055, 0.009741386065037471], [0.8771868759208112, 0.07933640804465153, 0.009720221854075683, 0.009720221854075683, 0.014316050472310236, 0.009720221854075683], [0.038505222394858596, 0.1706016781635541, 0.009735637506032381, 0.009735637506032381, 0.7616861869234901, 0.009735637506032381], [0.04068957896351856, 0.22737328682911576, 0.009735953354377542, 0.009735953354377542, 0.702729274144233, 0.009735953354377542], [0.038917016162140584, 0.8248083068442752, 0.009741467319839625, 0.009741467319839625, 0.10705027503406524, 0.009741467319839625], [0.05229521512674004, 0.6789494308162569, 0.009740811393317486, 0.009740811393317486, 0.23953291987705058, 0.009740811393317486], [0.04066032156152126, 0.27902622623635154, 0.009736178422626345, 0.009736178422626345, 0.6511049169342482, 0.009736178422626345], [0.21253181204608096, 0.7426000579796576, 0.009742024796709034, 0.009742024796709034, 0.01564205558413442, 0.009742024796709034], [0.040711245677434706, 0.2653352269521314, 0.009736119173784303, 0.009736119173784303, 0.6647451698490809, 0.009736119173784303], [0.7685360227249199, 0.1878438529097731, 0.009720227822510016, 0.009720227822510016, 0.014459440897776982, 0.009720227822510016], [0.7551039599423005, 0.20134081613673738, 0.00972022575130849, 0.00972022575130849, 0.014394546667036677, 0.00972022575130849], [0.040625428103550174, 0.30445072261420264, 0.009736288785266384, 0.009736288785266384, 0.6257149829264481, 0.009736288785266384], [0.29697724648149504, 0.6578825908374021, 0.009742065719859437, 0.009742065719859437, 0.01591396552152454, 0.009742065719859437], [0.8983497874995423, 0.051018009141312284, 0.015395217230070625, 0.009808797472384102, 0.015619391184306563, 0.009808797472384102], [0.9296084977433747, 0.02722393520433833, 0.009720252893342185, 0.009720252893342185, 0.01400680837226049, 0.009720252893342185]], [[0.9472343831305907, 0.009704913249162153, 0.009704913249162153, 0.009704913249162153, 0.013945963872760763, 0.009704913249162153], [0.03546481590103797, 0.019867710329160425, 0.00973959148023441, 0.00973959148023441, 0.9154486993290984, 0.00973959148023441], [0.9470987167551733, 0.009716419242939825, 0.009716419242939825, 0.009716419242939825, 0.014035606273067542, 0.009716419242939825], [0.9470947557039067, 0.009717424079458973, 0.009717424079458973, 0.009717424079458973, 0.014035547978257639, 0.009717424079458973], [0.03546378205033519, 0.020537612615723205, 0.00974001859706692, 0.00974001859706692, 0.914778549542741, 0.00974001859706692], [0.9472160007584106, 0.009709540125860226, 0.009709540125860226, 0.009709540125860226, 0.01394583873814839, 0.009709540125860226], [0.9472287070912659, 0.009708081591242881, 0.009708081591242881, 0.009708081591242881, 0.013938966543762546, 0.009708081591242881], [0.9472266868709401, 0.009707355046312548, 0.009707355046312548, 0.009707355046312548, 0.013943892943809624, 0.009707355046312548], [0.9447254957166461, 0.012159840632865227, 0.009722655555906855, 0.009722655555906855, 0.013946696982768084, 0.009722655555906855], [0.9469080257770399, 0.009906812418211607, 0.009719902362421396, 0.009719902362421396, 0.014025454717484405, 0.009719902362421396], [0.03559744204807601, 0.01575202329886095, 0.009734188410341347, 0.009734188410341347, 0.9194479694220389, 0.009734188410341347], [0.9467765908259059, 0.010037959971616007, 0.009719983664588865, 0.009719983664588865, 0.01402549820871148, 0.009719983664588865], [0.9470999363476054, 0.009719044545666505, 0.009719044545666505, 0.009719044545666505, 0.01402388546972856, 0.009719044545666505], [0.0356062299597553, 0.01590020587877493, 0.00973437705946541, 0.00973437705946541, 0.9192904329830736, 0.00973437705946541], [0.9430855981085308, 0.013745407003622067, 0.009720159535934563, 0.009720159535934563, 0.014008516280043577, 0.009720159535934563], [0.9390865675444223, 0.01773331848418692, 0.009720230278192786, 0.009720230278192786, 0.014019423136812334, 0.009720230278192786], [0.8992753981537046, 0.05742569560381794, 0.009720297970454001, 0.009720297970454001, 0.014138012331115543, 0.009720297970454001], [0.7988131511709502, 0.15778963610578667, 0.009720306505335598, 0.009720306505335598, 0.014236293207256464, 0.009720306505335598], [0.0386626952836743, 0.8084345203411458, 0.009741387689065685, 0.009741387689065685, 0.1236786213079828, 0.009741387689065685], [0.8351507261150244, 0.1215482371327919, 0.009720287342384693, 0.009720287342384693, 0.014140174725029481, 0.009720287342384693], [0.040533313199697406, 0.20341745230072897, 0.009735848465958551, 0.009735848465958551, 0.726841689101698, 0.009735848465958551], [0.03779928816750399, 0.8162738283255676, 0.009741420451906993, 0.009741420451906993, 0.11670262215120739, 0.009741420451906993], [0.889139963422375, 0.06747808089342378, 0.0097202465877657, 0.0097202465877657, 0.014221215920904277, 0.0097202465877657], [0.041860617811697566, 0.8420564245818992, 0.00974158246275072, 0.00974158246275072, 0.08685821021815099, 0.00974158246275072], [0.8320874721993233, 0.12467427202479406, 0.009720337824099031, 0.009720337824099031, 0.014077242303585652, 0.009720337824099031], [0.04066852968871079, 0.22936706866168935, 0.009735961920556372, 0.009735961920556372, 0.7007565158879308, 0.009735961920556372], [0.7787434459883406, 0.17766730241726375, 0.009720229846629154, 0.009720229846629154, 0.01442856205450816, 0.009720229846629154], [0.7825981728028385, 0.17405002107950582, 0.009720303944852487, 0.009720303944852487, 0.01419089428309818, 0.009720303944852487], [0.2595310422382503, 0.6953405984317886, 0.009742046847229601, 0.009742046847229601, 0.01590221878827239, 0.009742046847229601], [0.038280867486637664, 0.865771043196352, 0.009741676576815529, 0.009741676576815529, 0.06672305958656365, 0.009741676576815529], [0.03800221981171941, 0.17227298485026354, 0.009735529400447465, 0.009735529400447465, 0.7605182071366746, 0.009735529400447465], [0.034313920664452886, 0.8560776087022464, 0.009741592260200861, 0.009741592260200861, 0.08038369385269797, 0.009741592260200861], [0.6524104374697207, 0.3041559629676158, 0.00972028268339364, 0.00972028268339364, 0.01427275151248248, 0.00972028268339364], [0.03461759898324822, 0.8496282339189903, 0.009741562986514303, 0.009741562986514303, 0.08652947813821854, 0.009741562986514303], [0.03651815749880753, 0.07111988470491455, 0.00973502923867539, 0.00973502923867539, 0.8631568700802517, 0.00973502923867539], [0.044921882166646956, 0.5234425055733625, 0.009740014299420827, 0.009740014299420827, 0.402415569361728, 0.009740014299420827], [0.7093997457331532, 0.24724620192711338, 0.00972026675579088, 0.00972026675579088, 0.014193252072360777, 0.00972026675579088], [0.03499776926256949, 0.8818019693944527, 0.009741735824439724, 0.009741735824439724, 0.053975053869658625, 0.009741735824439724], [0.04245622045562255, 0.0522382497541536, 0.017194193901330517, 0.009815146804030422, 0.8684810422808323, 0.009815146804030422], [0.9421430974859064, 0.014737081487361905, 0.009720230435520925, 0.009720230435520925, 0.013959129720168726, 0.009720230435520925]], [[0.94716371572716, 0.009712864798254459, 0.009712864798254459, 0.009712864798254459, 0.0139848250798223, 0.009712864798254459], [0.9441923889245918, 0.012641893848163293, 0.009722835493818523, 0.009722835493818523, 0.01399721074578923, 0.009722835493818523], [0.9456742668974213, 0.011076264223000428, 0.009719902258797115, 0.009719902258797115, 0.01408976210318692, 0.009719902258797115], [0.947113000688696, 0.009718211889769748, 0.009718211889769748, 0.009718211889769748, 0.014014151752225158, 0.009718211889769748], [0.035616073457303735, 0.015779845840878676, 0.00973423471575183, 0.00973423471575183, 0.9194013765545621, 0.00973423471575183], [0.9442733159055329, 0.012611739208972286, 0.009722859105339342, 0.009722859105339342, 0.013946367569476792, 0.009722859105339342], [0.947210671193022, 0.009711429343924204, 0.009711429343924204, 0.009711429343924204, 0.013943611431281085, 0.009711429343924204], [0.9472154607137662, 0.009709733303209712, 0.009709733303209712, 0.009709733303209712, 0.013945606073394854, 0.009709733303209712], [0.03539175343164427, 0.02112825271609498, 0.009740374942272156, 0.009740374942272156, 0.9142588690254444, 0.009740374942272156], [0.03572181764967103, 0.017054522588211978, 0.009734414263189047, 0.009734414263189047, 0.9180204169725499, 0.009734414263189047], [0.03598287906922087, 0.024481633041134803, 0.009734607593034555, 0.009734607593034555, 0.9103316651105406, 0.009734607593034555], [0.03580222092519125, 0.02134530551368558, 0.009734600478379197, 0.009734600478379197, 0.9136486721259856, 0.009734600478379197], [0.9434743331603536, 0.013346629849673714, 0.00972011362994997, 0.00972011362994997, 0.014018696100122699, 0.00972011362994997], [0.9445347911985598, 0.012283330865336117, 0.009720113827003808, 0.009720113827003808, 0.01402153645509277, 0.009720113827003808], [0.9238283053023661, 0.0328522240714266, 0.009720229003800374, 0.009720229003800374, 0.014158783614806105, 0.009720229003800374], [0.8978782369614619, 0.058757778996090124, 0.009720297769906919, 0.009720297769906919, 0.01420309073272741, 0.009720297769906919], [0.8841587532808831, 0.07243236778812899, 0.00972032090930636, 0.00972032090930636, 0.014247916203068848, 0.00972032090930636], [0.865412059486213, 0.09125024662546448, 0.009720292532545622, 0.009720292532545622, 0.01417681629068548, 0.009720292532545622], [0.037687250875506825, 0.4289406907206466, 0.009739524598671903, 0.009739524598671903, 0.5041534846078308, 0.009739524598671903], [0.04844414526218841, 0.40014297153424455, 0.009739443629179714, 0.009739443629179714, 0.5221945523160277, 0.009739443629179714], [0.8878837554740088, 0.06868446820422097, 0.009720246420375594, 0.009720246420375594, 0.014271037060643537, 0.009720246420375594], [0.04872065775111298, 0.45168382172218313, 0.009739691343852571, 0.009739691343852571, 0.47037644649514604, 0.009739691343852571], [0.9191444964763917, 0.03758594712298173, 0.009720227269007184, 0.009720227269007184, 0.014108874593605047, 0.009720227269007184], [0.8346808503639083, 0.12198989170201427, 0.009720287172353662, 0.009720287172353662, 0.014168396417016534, 0.009720287172353662], [0.04143503938195913, 0.8436396567898806, 0.009741587762358278, 0.009741587762358278, 0.08570054054108536, 0.009741587762358278], [0.040199680379309134, 0.795920118100146, 0.009741336221795746, 0.009741336221795746, 0.1346561928551575, 0.009741336221795746], [0.04065446099771284, 0.22883041651607874, 0.009735959512862356, 0.009735959512862356, 0.7013072439476213, 0.009735959512862356], [0.8464202957225136, 0.11019238068211835, 0.009720289240884967, 0.009720289240884967, 0.014226455872713104, 0.009720289240884967], [0.04459565702799638, 0.8377488202095953, 0.009741576285239794, 0.009741576285239794, 0.08843079390668891, 0.009741576285239794], [0.8492421816417268, 0.10743078624492453, 0.009720289542507587, 0.009720289542507587, 0.014166163485825807, 0.009720289542507587], [0.04722319984317125, 0.4524197342025204, 0.009739687001990368, 0.009739687001990368, 0.47113800494833713, 0.009739687001990368], [0.036371124037453975, 0.04904683909334024, 0.00973493295378713, 0.00973493295378713, 0.8853772380078444, 0.00973493295378713], [0.8655052314245414, 0.09101698387589843, 0.009720242754990057, 0.009720242754990057, 0.014317056434590199, 0.009720242754990057], [0.914844828673288, 0.04184678391016964, 0.009720226639585636, 0.009720226639585636, 0.014147707497785609, 0.009720226639585636], [0.042125642380320905, 0.40334456916813877, 0.009739379339671013, 0.009739379339671013, 0.5253116504325271, 0.009739379339671013], [0.04253778521071402, 0.40614700527629005, 0.009739394863714616, 0.009739394863714616, 0.5220970249218521, 0.009739394863714616], [0.04986918079325825, 0.5203262075106937, 0.009740025252802008, 0.009740025252802008, 0.400584535937642, 0.009740025252802008], [0.04688308479237721, 0.7147008657765814, 0.009740952154249902, 0.009740952154249902, 0.20919319296829153, 0.009740952154249902], [0.9184279854201047, 0.03822580344985158, 0.009723965120418407, 0.009723965120418407, 0.014174315768788364, 0.009723965120418407], [0.9461993121858041, 0.010690903774351898, 0.00972015959625805, 0.00972015959625805, 0.013949305251069627, 0.00972015959625805]], [[0.9471707991150312, 0.009714352077738651, 0.009714352077738651, 0.009714352077738651, 0.01397179257401421, 0.009714352077738651], [0.04021725808372442, 0.36223377074558305, 0.00974379452386305, 0.00974379452386305, 0.5683175875991033, 0.00974379452386305], [0.9409072453657643, 0.01578173293967802, 0.009720047645952365, 0.009720047645952365, 0.014150878756700529, 0.009720047645952365], [0.9310222737828273, 0.02562195743134204, 0.009720112937154881, 0.009720112937154881, 0.014195429974366106, 0.009720112937154881], [0.9331798381775096, 0.023450941147247873, 0.009720136268187032, 0.009720136268187032, 0.014208811870681525, 0.009720136268187032], [0.03587780696514834, 0.021645596750403725, 0.009734551196670094, 0.009734551196670094, 0.9132729426944376, 0.009734551196670094], [0.94354463362708, 0.013295516222779287, 0.009723146562637992, 0.009723146562637992, 0.013990410462226923, 0.009723146562637992], [0.947192445322645, 0.009714102881899103, 0.009714102881899103, 0.009714102881899103, 0.01395114314975865, 0.009714102881899103], [0.03575615434582018, 0.023426117234487013, 0.009754323028874462, 0.009754323028874462, 0.9115547593330694, 0.009754323028874462], [0.0365534842791266, 0.06435310841777016, 0.009734896227986718, 0.009734896227986718, 0.8698887186191431, 0.009734896227986718], [0.036505830352999535, 0.05352272355360449, 0.009735002984333576, 0.009735002984333576, 0.8807664371403953, 0.009735002984333576], [0.037891920645424494, 0.08597819318403922, 0.009735155680981001, 0.009735155680981001, 0.8469244191275932, 0.009735155680981001], [0.9338465293054798, 0.02293695092937788, 0.00972026076246132, 0.00972026076246132, 0.01405573747775859, 0.00972026076246132], [0.035874424686709254, 0.027885800740650828, 0.009734680502978911, 0.009734680502978911, 0.9070357330637032, 0.009734680502978911], [0.03667676213949348, 0.06359711838672943, 0.009735052860103706, 0.009735052860103706, 0.870520960893466, 0.009735052860103706], [0.8865391397416902, 0.07004368766494093, 0.009720321329261152, 0.009720321329261152, 0.014256208605585376, 0.009720321329261152], [0.4565199425363062, 0.49791121078687617, 0.009742144005953347, 0.009742144005953347, 0.01634241465895759, 0.009742144005953347], [0.040509725510753505, 0.15573958940256644, 0.009735640787125247, 0.009735640787125247, 0.7745437627253042, 0.009735640787125247], [0.8831360657095505, 0.07341331003553202, 0.009720245951839531, 0.009720245951839531, 0.014289886399398823, 0.009720245951839531], [0.04318119228980203, 0.31712187345850396, 0.009738957434130715, 0.009738957434130715, 0.6104800619493018, 0.009738957434130715], [0.043658171632826356, 0.32851552380506627, 0.009739014524509546, 0.009739014524509546, 0.5986092609885788, 0.009739014524509546], [0.9400663928607957, 0.016706910531049966, 0.009720113171669173, 0.009720113171669173, 0.014066357093146895, 0.009720113171669173], [0.04391684906798735, 0.3727365248206178, 0.009739241722687704, 0.009739241722687704, 0.5541289009433318, 0.009739241722687704], [0.051460504838824, 0.4482407518303912, 0.009739689173470773, 0.009739689173470773, 0.4710796758103725, 0.009739689173470773], [0.0660272685941695, 0.5710306156698336, 0.0097403678647345, 0.0097403678647345, 0.3337210121417933, 0.0097403678647345], [0.8271965547591303, 0.12939091500442979, 0.009720311372535215, 0.009720311372535215, 0.014251596118834258, 0.009720311372535215], [0.2859908150808686, 0.6688102871687491, 0.009742059715831322, 0.009742059715831322, 0.01597271860288831, 0.009742059715831322], [0.8271965547591303, 0.12939091500442979, 0.009720311372535215, 0.009720311372535215, 0.014251596118834258, 0.009720311372535215], [0.06610818587637157, 0.5715455098136203, 0.009740370759432926, 0.009740370759432926, 0.33312519203170926, 0.009740370759432926], [0.05201298835368033, 0.39702818761808034, 0.009739447387826703, 0.009739447387826703, 0.5217404818647593, 0.009739447387826703], [0.9305593298330372, 0.026186116436238586, 0.009720157713071798, 0.009720157713071798, 0.014094080591508719, 0.009720157713071798], [0.041073043948795115, 0.32867800504871947, 0.009738986981646668, 0.009738986981646668, 0.6010319900575454, 0.009738986981646668], [0.9393805616742761, 0.017363074999803475, 0.009720136011544736, 0.009720136011544736, 0.0140959552912862, 0.009720136011544736], [0.940534556926887, 0.01624155030408553, 0.00972011323305977, 0.00972011323305977, 0.014063553069848106, 0.00972011323305977], [0.9434513933039448, 0.013310282327597013, 0.009720047076942483, 0.009720047076942483, 0.014078183137630864, 0.009720047076942483], [0.040424832543819976, 0.3082649437186017, 0.00973884279494326, 0.00973884279494326, 0.6220936953527486, 0.00973884279494326], [0.9325764143698294, 0.024117010656072236, 0.009720112916227857, 0.009720112916227857, 0.014146236225414666, 0.009720112916227857], [0.9326349345010493, 0.024058097837728915, 0.009720135780745046, 0.009720135780745046, 0.01414656031898673, 0.009720135780745046], [0.9386348644599313, 0.018157102026922747, 0.00972346955855158, 0.00972346955855158, 0.014037624837491214, 0.00972346955855158], [0.9472063140299346, 0.009714016836499622, 0.009714016836499622, 0.009714016836499622, 0.01393761862406694, 0.009714016836499622]], [[0.9471647334860704, 0.009715960229961084, 0.009715960229961084, 0.009715960229961084, 0.013971425594085134, 0.009715960229961084], [0.9436836402318647, 0.01318337256980669, 0.00972307428897855, 0.00972307428897855, 0.013963764331392946, 0.00972307428897855], [0.9312016997193738, 0.02557744545876558, 0.009720157723351542, 0.009720157723351542, 0.01406038165180586, 0.009720157723351542], [0.05337804655652312, 0.44265365711341553, 0.009739672786899061, 0.009739672786899061, 0.47474927796936417, 0.009739672786899061], [0.060946524396193705, 0.578212681116905, 0.009740375635277078, 0.009740375635277078, 0.33161966758107003, 0.009740375635277078], [0.04915208230327407, 0.4422601519277854, 0.009739648777208178, 0.009739648777208178, 0.4793688194373159, 0.009739648777208178], [0.08077207079322289, 0.12470157627381398, 0.009836942460235927, 0.019678529329896388, 0.7551739386825949, 0.009836942460235927], [0.035479713632930704, 0.023000045824354314, 0.009740886677778253, 0.009740886677778253, 0.9122975805093803, 0.009740886677778253], [0.03585916228241744, 0.022150989652815818, 0.009734553171092794, 0.009734553171092794, 0.9127861885514883, 0.009734553171092794], [0.05446240497323519, 0.44968957370286683, 0.009739994200341837, 0.009739994200341837, 0.4666280387228725, 0.009739994200341837], [0.038213005918875505, 0.1038612059087658, 0.009735346374306755, 0.009735346374306755, 0.8287197490494383, 0.009735346374306755], [0.8911243209475379, 0.06557930448998713, 0.009720322443883548, 0.009720322443883548, 0.014135407230824487, 0.009720322443883548], [0.03829374294979865, 0.09218195224542104, 0.009735296913539151, 0.009735296913539151, 0.8403184140641629, 0.009735296913539151], [0.035732864918502735, 0.035067758817065385, 0.009734869922297152, 0.009734869922297152, 0.8999947664975404, 0.009734869922297152], [0.8895709842176243, 0.06710441053806447, 0.009720296504683734, 0.009720296504683734, 0.014163715730260193, 0.009720296504683734], [0.8608673925370297, 0.09559975791273631, 0.009720317101440699, 0.009720317101440699, 0.014371898245911799, 0.009720317101440699], [0.040006467463552166, 0.11519722868899444, 0.009735461935549385, 0.009735461935549385, 0.8155899180408053, 0.009735461935549385], [0.8845585516495573, 0.07206272391976151, 0.009720295601352368, 0.009720295601352368, 0.014217837626624128, 0.009720295601352368], [0.9134353644710386, 0.04323960671573356, 0.009720226478904826, 0.009720226478904826, 0.014164349376513487, 0.009720226478904826], [0.04014388490248025, 0.3151152884828544, 0.009738916876890057, 0.009738916876890057, 0.6155240759839953, 0.009738916876890057], [0.9440643739966983, 0.012707208255175384, 0.009719983101622715, 0.009719983101622715, 0.014068468443258384, 0.009719983101622715], [0.9441017837175992, 0.01266930329733133, 0.009719962353770803, 0.009719962353770803, 0.014069025923757025, 0.009719962353770803], [0.03935400322400634, 0.30323757265293866, 0.009738812267967573, 0.009738812267967573, 0.6281919873191524, 0.009738812267967573], [0.9396355166366162, 0.017130001995933484, 0.009720113150162876, 0.009720113150162876, 0.014074141916961694, 0.009720113150162876], [0.920590022541657, 0.03614973573139219, 0.009720227460538664, 0.009720227460538664, 0.014099559345335029, 0.009720227460538664], [0.8464192035028826, 0.11019220007941752, 0.009720289238603774, 0.009720289238603774, 0.014227728701888553, 0.009720289238603774], [0.8175214545757111, 0.13911296397403716, 0.00972030982792044, 0.00972030982792044, 0.014204651966490452, 0.00972030982792044], [0.04367965598421394, 0.76350489672283, 0.009741199999025518, 0.009741199999025518, 0.16359184729587947, 0.009741199999025518], [0.048487672967786895, 0.45297174889590586, 0.009739696270019265, 0.009739696270019265, 0.46932148932624945, 0.009739696270019265], [0.042612543207195784, 0.31661513682986137, 0.009738952057738733, 0.009738952057738733, 0.6115554637897265, 0.009738952057738733], [0.04305348597592066, 0.3276029484177969, 0.009738992115377237, 0.009738992115377237, 0.6001265892601508, 0.009738992115377237], [0.9436915046277963, 0.013078695515133283, 0.009720047066671782, 0.009720047066671782, 0.014069658657055017, 0.009720047066671782], [0.07565700146682679, 0.04513151109737885, 0.009836114255488103, 0.019032120721433142, 0.840507138203385, 0.009836114255488103], [0.03759724778625945, 0.29123011014364736, 0.009738691641390594, 0.009738691641390594, 0.6419565671459215, 0.009738691641390594], [0.9431795635986225, 0.013548392589067954, 0.009719983126088141, 0.009719983126088141, 0.014112094434044972, 0.009719983126088141], [0.9394471421500362, 0.0172313114049565, 0.00971996266941601, 0.00971996266941601, 0.01416165843675936, 0.00971996266941601], [0.04113459838859613, 0.3040024859657587, 0.009738770379799845, 0.009738770379799845, 0.6256466045062455, 0.009738770379799845], [0.04108110839214654, 0.3048694922488891, 0.009738787955584647, 0.009738787955584647, 0.6248330354922105, 0.009738787955584647], [0.9414236618351801, 0.015358308362052701, 0.009723302148533203, 0.009723302148533203, 0.014048123357167744, 0.009723302148533203], [0.9472170762181152, 0.009711286699538232, 0.009711286699538232, 0.009711286699538232, 0.013937776983731779, 0.009711286699538232]], [[0.9472137109428672, 0.0097123337405529, 0.0097123337405529, 0.0097123337405529, 0.01393695409492127, 0.0097123337405529], [0.9435521656452127, 0.013357165077902501, 0.009722956129390755, 0.009722956129390755, 0.01392180088871258, 0.009722956129390755], [0.9326428431203451, 0.024116802565650554, 0.009720229277193652, 0.009720229277193652, 0.014079666482423493, 0.009720229277193652], [0.85641964338663, 0.10020136157172889, 0.009720290939178597, 0.009720290939178597, 0.014218122224105447, 0.009720290939178597], [0.04311398870390299, 0.8368142617897752, 0.009741564130151963, 0.009741564130151963, 0.09084705711586574, 0.009741564130151963], [0.8664984139723021, 0.09016414166124041, 0.009720292587263167, 0.009720292587263167, 0.014176566604668026, 0.009720292587263167], [0.9093831664434366, 0.047112932043459586, 0.0097202499740345, 0.0097202499740345, 0.014343151591000223, 0.0097202499740345], [0.05196464755169137, 0.40891760423136236, 0.00973950749749191, 0.00973950749749191, 0.5098992257244704, 0.00973950749749191], [0.9269547100267882, 0.02981283028934834, 0.009720157268835577, 0.009720157268835577, 0.014071987877356676, 0.009720157268835577], [0.9073952712369282, 0.0491700812919081, 0.00972024955883916, 0.00972024955883916, 0.014273898794646191, 0.00972024955883916], [0.040233574589754136, 0.12690007897627606, 0.009735514077061379, 0.009735514077061379, 0.8036598042027857, 0.009735514077061379], [0.8924971922930367, 0.0642069327119744, 0.009720348505628591, 0.009720348505628591, 0.014134829478103269, 0.009720348505628591], [0.04111493955851992, 0.12846652235904998, 0.009735526465112145, 0.009735526465112145, 0.8012119586870936, 0.009735526465112145], [0.9151814985340416, 0.041471156346258316, 0.009720251436885983, 0.009720251436885983, 0.014186590809042209, 0.009720251436885983], [0.8853042687264397, 0.07137318837381881, 0.009720321156845272, 0.009720321156845272, 0.014161579429205779, 0.009720321156845272], [0.46109582241718033, 0.49332001993346997, 0.009742146232137119, 0.009742146232137119, 0.01635771895293821, 0.009742146232137119], [0.8901432069734602, 0.06645716514745283, 0.009720321911305039, 0.009720321911305039, 0.01423866214517188, 0.009720321911305039], [0.9102222095972292, 0.046371494887518835, 0.009720250033688416, 0.009720250033688416, 0.014245545414186751, 0.009720250033688416], [0.03594539737559904, 0.030173294276766523, 0.009734690114112437, 0.009734690114112437, 0.9046772380052972, 0.009734690114112437], [0.9445003897369982, 0.012218824860098234, 0.009720047268497733, 0.009720047268497733, 0.014120643597410382, 0.009720047268497733], [0.9442109622724209, 0.012558679416203686, 0.009719901802116517, 0.009719901802116517, 0.014070652905025986, 0.009719901802116517], [0.9443831665306507, 0.012384195485515687, 0.009719806295698356, 0.009719806295698356, 0.014073219096738579, 0.009719806295698356], [0.03709931251820695, 0.2921218422598437, 0.009738651465397376, 0.009738651465397376, 0.6415628908257573, 0.009738651465397376], [0.9430642948027379, 0.01366519409820664, 0.009720047115428688, 0.009720047115428688, 0.014110369752769419, 0.009720047115428688], [0.931581873063453, 0.025166008424170064, 0.009720157865711097, 0.009720157865711097, 0.014091644915243708, 0.009720157865711097], [0.913257285787694, 0.043422868504926534, 0.009720226425190116, 0.009720226425190116, 0.014159166431809167, 0.009720226425190116], [0.037964599858798256, 0.10142597439965219, 0.009735222048608076, 0.009735222048608076, 0.8314037595957253, 0.009735222048608076], [0.0365683441595