[[[0.9472400954999001, 0.009705012912737324, 0.009705012912737324, 0.009705012912737324, 0.013939852849150636, 0.009705012912737324], [0.9472224256019415, 0.009707662538724775, 0.009707662538724775, 0.009707662538724775, 0.01394692424315952, 0.009707662538724775], [0.94721331494973, 0.009709973738139496, 0.009709973738139496, 0.009709973738139496, 0.013946790097711987, 0.009709973738139496], [0.9472035811319647, 0.009711941149194695, 0.009711941149194695, 0.009711941149194695, 0.01394865427125653, 0.009711941149194695], [0.9472024249978908, 0.009712782167801946, 0.009712782167801946, 0.009712782167801946, 0.013946446330901308, 0.009712782167801946], [0.947200888097569, 0.00971317205014675, 0.00971317205014675, 0.00971317205014675, 0.013946423701844105, 0.00971317205014675], [0.9472105194772602, 0.009712525918599018, 0.009712525918599018, 0.009712525918599018, 0.013939376848343609, 0.009712525918599018], [0.947204241835474, 0.009714118424865604, 0.009714118424865604, 0.009714118424865604, 0.013939284465063675, 0.009714118424865604], [0.9471746062673246, 0.009719937501692946, 0.009719937501692946, 0.009719937501692946, 0.013945643725903694, 0.009719937501692946], [0.9470612059227398, 0.009826411456197125, 0.009720136575215461, 0.009720136575215461, 0.013951972895416886, 0.009720136575215461], [0.947102556851059, 0.009784519915055662, 0.009720113720796808, 0.009720113720796808, 0.013952582071494949, 0.009720113720796808], [0.9470538676540905, 0.00979614659330319, 0.00972004706141023, 0.00972004706141023, 0.013989844568375657, 0.00972004706141023], [0.9471514002853337, 0.009717867626349304, 0.009717867626349304, 0.009717867626349304, 0.013977129209269183, 0.009717867626349304], [0.9452439367939413, 0.011582801763329913, 0.009719806220872393, 0.009719806220872393, 0.014013842780111606, 0.009719806220872393], [0.9471688407327085, 0.009713586138609807, 0.009713586138609807, 0.009713586138609807, 0.013976814712852344, 0.009713586138609807], [0.9471543707567419, 0.009717114049673082, 0.009717114049673082, 0.009717114049673082, 0.01397717304456592, 0.009717114049673082], [0.9472036464733069, 0.009714228492086358, 0.009714228492086358, 0.009714228492086358, 0.013939439558347692, 0.009714228492086358], [0.9462974444092337, 0.01059761055203564, 0.009720159596112304, 0.009720159596112304, 0.013944466250393863, 0.009720159596112304], [0.9435907246244949, 0.013296713676784195, 0.009720230655024871, 0.009720230655024871, 0.013951869733646309, 0.009720230655024871], [0.9345131545281808, 0.02233133544890419, 0.009720253693705484, 0.009720253693705484, 0.013994748941798573, 0.009720253693705484], [0.9436721911908172, 0.013215225393969797, 0.009720230668832562, 0.009720230668832562, 0.013951891408715288, 0.009720230668832562], [0.9463640087751731, 0.010531029405530036, 0.009720159607321085, 0.009720159607321085, 0.01394448299733356, 0.009720159607321085], [0.9471967236517906, 0.009714268144676194, 0.009714268144676194, 0.009714268144676194, 0.013946203769504461, 0.009714268144676194], [0.9472074859923982, 0.009711537944259746, 0.009711537944259746, 0.009711537944259746, 0.013946362230562654, 0.009711537944259746], [0.9472173924481182, 0.009708535562298812, 0.009708535562298812, 0.009708535562298812, 0.013948465302686645, 0.009708535562298812], [0.9472255715200185, 0.009706912761921904, 0.009706912761921904, 0.009706912761921904, 0.013946777432293906, 0.009706912761921904], [0.9472199627183977, 0.009708379105863783, 0.009708379105863783, 0.009708379105863783, 0.013946520858147078, 0.009708379105863783], [0.9472156002300094, 0.009711278062224233, 0.009711278062224233, 0.009711278062224233, 0.013939287521093725, 0.009711278062224233], [0.9471961825154849, 0.009714368192647775, 0.009714368192647775, 0.009714368192647775, 0.013946344713924058, 0.009714368192647775], [0.9461496912046008, 0.010738701971478755, 0.009720159600763103, 0.009720159600763103, 0.013951128021630996, 0.009720159600763103], [0.9421259566719139, 0.014752341438314871, 0.009720230437737206, 0.009720230437737206, 0.013961010576559697, 0.009720230437737206], [0.9295538203255259, 0.02727264290379826, 0.00972025288616936, 0.00972025288616936, 0.01401277811216783, 0.00972025288616936], [0.9433303445112663, 0.013547615794511988, 0.009720230641922173, 0.009720230641922173, 0.01396134776845523, 0.009720230641922173], [0.9461978129911661, 0.010690567585900403, 0.009720159608868547, 0.009720159608868547, 0.013951140596327844, 0.009720159608868547], [0.9471968147723214, 0.009714251297859315, 0.009714251297859315, 0.009714251297859315, 0.013946180036241412, 0.009714251297859315], [0.9472075770955739, 0.009711521101916738, 0.009711521101916738, 0.009711521101916738, 0.01394633849675917, 0.009711521101916738], [0.947200521955002, 0.009712815293149357, 0.009712815293149357, 0.009712815293149357, 0.013948216872400476, 0.009712815293149357], [0.9472008275647154, 0.009713183241391862, 0.009713183241391862, 0.009713183241391862, 0.013946439469717199, 0.009713183241391862], [0.9472023644666839, 0.009712793358622606, 0.009712793358622606, 0.009712793358622606, 0.013946462098825677, 0.009712793358622606], [0.9472150713573415, 0.009711398257755292, 0.009711398257755292, 0.009711398257755292, 0.01393933561163752, 0.009711398257755292]], [[0.9472192954722976, 0.009708502449706129, 0.009708502449706129, 0.009708502449706129, 0.013946694728878002, 0.009708502449706129], [0.9446994376767207, 0.012180576518728808, 0.00972266525337153, 0.00972266525337153, 0.013951990044435961, 0.00972266525337153], [0.03540610853897715, 0.021110706691869745, 0.009740376918373641, 0.009740376918373641, 0.9142620540140323, 0.009740376918373641], [0.9440875774469405, 0.012800598169172082, 0.009722956908152778, 0.009722956908152778, 0.01394295365942924, 0.009722956908152778], [0.03565803917113355, 0.02308737244404839, 0.00974090859629679, 0.00974090859629679, 0.9120318625959277, 0.00974090859629679], [0.9470872566375631, 0.00980035392069583, 0.009720136579594462, 0.009720136579594462, 0.013951979702957683, 0.009720136579594462], [0.9463126320202729, 0.010552348977739103, 0.00972011361902843, 0.00972011361902843, 0.013974678144902627, 0.00972011361902843], [0.9347837011266997, 0.02200464756615956, 0.009723545563666447, 0.009723545563666447, 0.014041014616141184, 0.009723545563666447], [0.07875330654196565, 0.12858877664731397, 0.05988852553881867, 0.00981970474605986, 0.7131299817797818, 0.00981970474605986], [0.09628085808191492, 0.20555283274251399, 0.07002416644978286, 0.009820665251040656, 0.6085008122237069, 0.009820665251040656], [0.03604779614818129, 0.02896194386992367, 0.009741458828410288, 0.009741458828410288, 0.9057658834966642, 0.009741458828410288], [0.05691827924224451, 0.06082497606127497, 0.05852075158093698, 0.009819338175724782, 0.8040973167640939, 0.009819338175724782], [0.034333717160031176, 0.36861416343359565, 0.009743931205983887, 0.009743931205983887, 0.5678203257884213, 0.009743931205983887], [0.9401869024903818, 0.01651196856652235, 0.009723486920482626, 0.009723486920482626, 0.014130668181648032, 0.009723486920482626], [0.035080660373148026, 0.3544302352548184, 0.009743874563073242, 0.009743874563073242, 0.5812574806828137, 0.009743874563073242], [0.9434492016254693, 0.013361053532784398, 0.009723117621007636, 0.009723117621007636, 0.014020391978723344, 0.009723117621007636], [0.9429919387262952, 0.013884368632826927, 0.009723074020796137, 0.009723074020796137, 0.013954470578489609, 0.009723074020796137], [0.9406294286607201, 0.016225983051654066, 0.009723245979261944, 0.009723245979261944, 0.01397485034984001, 0.009723245979261944], [0.9301773495247854, 0.023357559814933787, 0.011692074525000621, 0.009808692906551533, 0.015155630322177165, 0.009808692906551533], [0.9318418559431804, 0.02403801442494174, 0.009786870356784485, 0.009786870356784485, 0.014759518561524439, 0.009786870356784485], [0.9319714041610562, 0.022778829505426867, 0.01055682611296703, 0.00980866463465438, 0.015075610951241084, 0.00980866463465438], [0.9409543353430618, 0.015898768358648136, 0.009723271506858354, 0.009723271506858354, 0.013977081777714938, 0.009723271506858354], [0.94320638847465, 0.013678051526707884, 0.009723073084184903, 0.009723073084184903, 0.013946340746087487, 0.009723073084184903], [0.03540336022201297, 0.021190682762313142, 0.009740453944189821, 0.009740453944189821, 0.9141845951831044, 0.009740453944189821], [0.9444692509971563, 0.0124137601182212, 0.009722800098754276, 0.009722800098754276, 0.013948588588359845, 0.009722800098754276], [0.03542864554948228, 0.020524711068869845, 0.009740035581215329, 0.009740035581215329, 0.914826536638002, 0.009740035581215329], [0.9447585324050659, 0.012120620049601016, 0.009722662214980323, 0.009722662214980323, 0.013952860900392165, 0.009722662214980323], [0.9443521153019003, 0.012540204514978982, 0.009722853248336487, 0.009722853248336487, 0.0139391204381112, 0.009722853248336487], [0.9433500592410514, 0.013540387679418911, 0.009723056329033511, 0.009723056329033511, 0.01394038409242901, 0.009723056329033511], [0.03615090664577213, 0.030184540173405012, 0.009741523283110282, 0.009741523283110282, 0.9044399833314921, 0.009741523283110282], [0.9299979171493179, 0.024595135361865784, 0.010698024409353926, 0.009808668032978172, 0.015091587013506021, 0.009808668032978172], [0.9321403614929721, 0.02363754819479892, 0.00979210395529302, 0.00979210395529302, 0.01484577844634981, 0.00979210395529302], [0.04092269693027019, 0.03372719327812571, 0.013569369980311819, 0.009814871348837687, 0.8921509971136169, 0.009814871348837687], [0.9422327330837624, 0.014641920370131019, 0.009723218714978533, 0.009723218714978533, 0.013955690401170801, 0.009723218714978533], [0.9433690014714657, 0.013523554425019752, 0.009723050457833041, 0.009723050457833041, 0.013938292730015456, 0.009723050457833041], [0.03544457992458392, 0.021549913720467356, 0.009740657614586413, 0.009740657614586413, 0.9137835335111893, 0.009740657614586413], [0.9433822097790101, 0.013508162457490583, 0.00972305652508464, 0.00972305652508464, 0.013940458188245514, 0.00972305652508464], [0.03557866633854567, 0.023148395349623103, 0.009741030074887429, 0.009741030074887429, 0.9120498480871689, 0.009741030074887429], [0.9433539539942744, 0.013536427353415715, 0.009723056509961747, 0.009723056509961747, 0.013940449122424621, 0.009723056509961747], [0.9471977592205901, 0.009714076683566173, 0.009714076683566173, 0.009714076683566173, 0.013945934045145226, 0.009714076683566173]], [[0.9472071709437149, 0.009711596187651696, 0.009711596187651696, 0.009711596187651696, 0.01394644430567836, 0.009711596187651696], [0.035403372143462, 0.02119304708667097, 0.009740453955623452, 0.009740453955623452, 0.9141822189029967, 0.009740453955623452], [0.9470949740916822, 0.009723427530491708, 0.00972004770779506, 0.00972004770779506, 0.014021455254441009, 0.00972004770779506], [0.9420788952457956, 0.014743915316004863, 0.00972015961810701, 0.00972015961810701, 0.01401671058387853, 0.00972015961810701], [0.9372578236902029, 0.01952904442643909, 0.00972023043929522, 0.00972023043929522, 0.014052440565472248, 0.00972023043929522], [0.9382959575487897, 0.01832173276195409, 0.009729471632777044, 0.009729471632777044, 0.014193894790924984, 0.009729471632777044], [0.9421396370293414, 0.014712357043709608, 0.009720230455805794, 0.009720230455805794, 0.013987314559531571, 0.009720230455805794], [0.05360151252306162, 0.414943372309666, 0.00974668593310494, 0.00974668593310494, 0.5022150573679575, 0.00974668593310494], [0.036102324366955256, 0.840815775561932, 0.00974152881478455, 0.00974152881478455, 0.09385731362675923, 0.00974152881478455], [0.03623561414504664, 0.8723408493666408, 0.009741697395246147, 0.009741697395246147, 0.06219844430257417, 0.009741697395246147], [0.687020886304027, 0.2694812898907961, 0.009720263303025908, 0.009720263303025908, 0.01433703389609918, 0.009720263303025908], [0.8494185901424366, 0.10715884004657399, 0.009720217299192577, 0.009720217299192577, 0.014261917913411705, 0.009720217299192577], [0.03580569996873747, 0.023341246042024703, 0.009734558072790382, 0.009734558072790382, 0.9116493797708667, 0.009734558072790382], [0.03564740383215728, 0.017976285488401213, 0.009734197793071265, 0.009734197793071265, 0.9171737173002278, 0.009734197793071265], [0.9450392418438269, 0.011680304208568719, 0.009719806774036461, 0.009719806774036461, 0.01412103362549509, 0.009719806774036461], [0.03556123906770944, 0.016404971117446883, 0.0097342367111992, 0.0097342367111992, 0.9188310796812461, 0.0097342367111992], [0.035749254373574346, 0.019821040032113317, 0.00973459393002964, 0.00973459393002964, 0.9152259238042233, 0.00973459393002964], [0.03782118680026421, 0.09189869863668729, 0.009735181748970067, 0.009735181748970067, 0.8410745693161382, 0.009735181748970067], [0.8276781123971059, 0.12885188977008552, 0.009720311903640528, 0.009720311903640528, 0.014309062121887086, 0.009720311903640528], [0.317139318607344, 0.6379199789786679, 0.00974207707232913, 0.00974207707232913, 0.015714471197000906, 0.00974207707232913], [0.81616373659644, 0.1403874080597682, 0.00972030991722124, 0.00972030991722124, 0.014287925592128011, 0.00972030991722124], [0.03807208873166451, 0.10633587511551482, 0.009735245317578755, 0.009735245317578755, 0.8263863002000843, 0.009735245317578755], [0.035738856816879216, 0.019426399319590358, 0.009734592179959286, 0.009734592179959286, 0.9156309673236526, 0.009734592179959286], [0.9453093293818219, 0.011511256457844472, 0.009720114126643392, 0.009720114126643392, 0.01401907178040338, 0.009720114126643392], [0.9471141522144899, 0.009718884193955965, 0.009718884193955965, 0.009718884193955965, 0.014010311009686296, 0.009718884193955965], [0.9471214230492185, 0.00971700348146619, 0.00971700348146619, 0.00971700348146619, 0.014010563024916881, 0.00971700348146619], [0.03564736708190324, 0.015128134357906104, 0.009733839343900643, 0.009733839343900643, 0.9200229805284887, 0.009733839343900643], [0.9471195516980531, 0.00971755950385515, 0.00971755950385515, 0.00971755950385515, 0.014010210286526263, 0.00971755950385515], [0.035827204862712424, 0.01902553762674272, 0.009734590895245553, 0.009734590895245553, 0.9159434848248081, 0.009734590895245553], [0.8924051012595402, 0.06422321529154931, 0.00972024794712215, 0.00972024794712215, 0.01421093960754402, 0.00972024794712215], [0.8118577178456772, 0.1446765275961693, 0.009720309236796228, 0.009720309236796228, 0.01430482684776467, 0.009720309236796228], [0.33749745133239345, 0.6172318722458904, 0.00974208653337314, 0.00974208653337314, 0.01604441682159685, 0.00974208653337314], [0.8605889121007881, 0.09599572776077668, 0.00972031695008036, 0.00972031695008036, 0.014254409288194117, 0.00972031695008036], [0.9118402280357504, 0.04479579923468563, 0.009720251137423147, 0.009720251137423147, 0.014203219317294652, 0.009720251137423147], [0.9453557933396624, 0.011472879204043645, 0.00972013692504364, 0.00972013692504364, 0.014010916681162949, 0.00972013692504364], [0.9436110083654022, 0.013225127873722176, 0.009720159749457833, 0.009720159749457833, 0.01400338451250199, 0.009720159749457833], [0.9373633877102572, 0.019422000734657385, 0.009720230468567428, 0.009720230468567428, 0.014053920149383068, 0.009720230468567428], [0.8879408682526541, 0.06867830564731518, 0.009720247246861572, 0.009720247246861572, 0.014220084359446054, 0.009720247246861572], [0.03608055816413235, 0.02870224141626901, 0.009741516325607389, 0.009741516325607389, 0.9059926514427765, 0.009741516325607389], [0.9461978129911661, 0.010690567585900403, 0.009720159608868547, 0.009720159608868547, 0.013951140596327844, 0.009720159608868547]], [[0.9471967236517906, 0.009714268144676194, 0.009714268144676194, 0.009714268144676194, 0.013946203769504461, 0.009714268144676194], [0.9433477444202268, 0.013542638929764915, 0.009723056506638302, 0.009723056506638302, 0.013940447130093257, 0.009723056506638302], [0.9451648121177278, 0.011654251516559482, 0.009720136982242077, 0.009720136982242077, 0.014020525418986322, 0.009720136982242077], [0.931182836121186, 0.025587814278274938, 0.009720229548885208, 0.009720229548885208, 0.014068660953883353, 0.009720229548885208], [0.8986813629324958, 0.05800348300544607, 0.009720298639300079, 0.009720298639300079, 0.01415425814415802, 0.009720298639300079], [0.9369448344835709, 0.018972921614533355, 0.009790723749727894, 0.009790723749727894, 0.014710072652711953, 0.009790723749727894], [0.9325971963497784, 0.024205927031649456, 0.0097203033137657, 0.0097203033137657, 0.014035966677274872, 0.0097203033137657], [0.10737243054073262, 0.15758979096979003, 0.06827427050588734, 0.009820470622786159, 0.6471225667380176, 0.009820470622786159], [0.03983501873811765, 0.8586896654033547, 0.009741651396900655, 0.009741651396900655, 0.07225036166782585, 0.009741651396900655], [0.22436002988759793, 0.7306785537309144, 0.009742030356776546, 0.009742030356776546, 0.015735325311158156, 0.009742030356776546], [0.04080452342833033, 0.26847151364106775, 0.009736133129894136, 0.009736133129894136, 0.6615155635409196, 0.009736133129894136], [0.7194519982181351, 0.2369130072035316, 0.009720219557678017, 0.009720219557678017, 0.014474335905299297, 0.009720219557678017], [0.03918292933473017, 0.3190729420452835, 0.009738946772300106, 0.009738946772300106, 0.6125272883030859, 0.009738946772300106], [0.03555167342171775, 0.01648732093297599, 0.00973423701432735, 0.00973423701432735, 0.9187582946023242, 0.00973423701432735], [0.9467002892286536, 0.010108448063823255, 0.009719962946553725, 0.009719962946553725, 0.014031373867861926, 0.009719962946553725], [0.946680981596846, 0.01012776284977748, 0.009719962943335814, 0.009719962943335814, 0.014031366723369278, 0.009719962943335814], [0.03580318094566175, 0.021730170786892985, 0.009734551677575842, 0.009734551677575842, 0.9132629932347176, 0.009734551677575842], [0.9348886096213872, 0.021874535480917237, 0.00972023022833963, 0.00972023022833963, 0.01407616421267688, 0.00972023022833963], [0.8518830314877321, 0.10464905012028167, 0.009720290733753195, 0.009720290733753195, 0.014307046190726674, 0.009720290733753195], [0.81616373659644, 0.1403874080597682, 0.00972030991722124, 0.00972030991722124, 0.014287925592128011, 0.00972030991722124], [0.8202628042292144, 0.1362857813361773, 0.009720285354402572, 0.009720285354402572, 0.014290558371400615, 0.009720285354402572], [0.930950595408075, 0.025826293555653603, 0.009720229461114902, 0.009720229461114902, 0.014062422652926657, 0.009720229461114902], [0.9151010460704952, 0.04154760831775469, 0.00972025161733519, 0.00972025161733519, 0.014190590759744425, 0.00972025161733519], [0.9386496941290927, 0.018149521275768302, 0.009720230575680595, 0.009720230575680595, 0.014040092868097183, 0.009720230575680595], [0.9442060240381501, 0.0126413369176987, 0.009720159694943697, 0.009720159694943697, 0.013992159959320155, 0.009720159694943697], [0.9471142929106122, 0.009718858168567563, 0.009718858168567563, 0.009718858168567563, 0.014010274415117534, 0.009718858168567563], [0.9471210891382822, 0.009717169458174359, 0.009717169458174359, 0.009717169458174359, 0.014010233029020464, 0.009717169458174359], [0.9471063449705982, 0.009718697028842229, 0.009718697028842229, 0.009718697028842229, 0.014018866914032924, 0.009718697028842229], [0.945779810848202, 0.011054525251423416, 0.00972011407728985, 0.00972011407728985, 0.014005321668505016, 0.00972011407728985], [0.9377598888125671, 0.019025333506400805, 0.009720230536276379, 0.009720230536276379, 0.014054086072203051, 0.009720230536276379], [0.03833333187258846, 0.11372337128248533, 0.009735390138116059, 0.009735390138116059, 0.818737126430578, 0.009735390138116059], [0.8655280806258082, 0.09107316295028949, 0.009720317759067568, 0.009720317759067568, 0.014237803146699646, 0.009720317759067568], [0.8945445644531768, 0.062084303476828764, 0.00972029725838883, 0.00972029725838883, 0.014210240294828083, 0.00972029725838883], [0.036391698766961814, 0.03299461834182676, 0.009734864107152448, 0.009734864107152448, 0.901409090569754, 0.009734864107152448], [0.9456003794640692, 0.011235314913456775, 0.009720113872598002, 0.009720113872598002, 0.014003964004680078, 0.009720113872598002], [0.9403681474816443, 0.016453173222491034, 0.009720230471808243, 0.009720230471808243, 0.014017987880439845, 0.009720230471808243], [0.8918719264058642, 0.06482104370337433, 0.009720296718998335, 0.009720296718998335, 0.014146139733766471, 0.009720296718998335], [0.8461319874947347, 0.11041632812321511, 0.009720314985845455, 0.009720314985845455, 0.014290739424513775, 0.009720314985845455], [0.9341032296437362, 0.02146692489468305, 0.009821755864830212, 0.009808646411619519, 0.014990796773511525, 0.009808646411619519], [0.9432707855711844, 0.013605839314342684, 0.00972023064128157, 0.00972023064128157, 0.01396268319062824, 0.00972023064128157]], [[0.9461978129911661, 0.010690567585900403, 0.009720159608868547, 0.009720159608868547, 0.013951140596327844, 0.009720159608868547], [0.9416951265424645, 0.015157692983609814, 0.009723271984812425, 0.009723271984812425, 0.013977364519488564, 0.009723271984812425], [0.03785761824740383, 0.08190652192542323, 0.009735138722720795, 0.009735138722720795, 0.8510304436590104, 0.009735138722720795], [0.9105407548766875, 0.046082750749731706, 0.009720250987089297, 0.009720250987089297, 0.014215741412312743, 0.009720250987089297], [0.04042667459032902, 0.1515081250078861, 0.009735622056414192, 0.009735622056414192, 0.7788583342325424, 0.009735622056414192], [0.8719675116801636, 0.08470130628300336, 0.009720344748894534, 0.009720344748894534, 0.014170147790149579, 0.009720344748894534], [0.9353962000695729, 0.02093048659123377, 0.009757745342562482, 0.009757745342562482, 0.014400077311505983, 0.009757745342562482], [0.9393606704322184, 0.017465492074622946, 0.009720254303420026, 0.009720254303420026, 0.014013074582898575, 0.009720254303420026], [0.1248931207288958, 0.13707648111000256, 0.15497165461614165, 0.009826993281340263, 0.5634047569822794, 0.009826993281340263], [0.7940478893381434, 0.16251626458042362, 0.009720305760704328, 0.009720305760704328, 0.014274928799320012, 0.009720305760704328], [0.037991355992613676, 0.8127974257228859, 0.00974140488689117, 0.00974140488689117, 0.11998700362382679, 0.00974140488689117], [0.04724307983867796, 0.47539585042851484, 0.009739797921691674, 0.009739797921691674, 0.4481416759677322, 0.009739797921691674], [0.929356987467225, 0.027263146485470253, 0.009720112797440601, 0.009720112797440601, 0.01421952765498302, 0.009720112797440601], [0.9288817853746003, 0.027730638172409207, 0.00972013563485966, 0.00972013563485966, 0.014227169548411448, 0.00972013563485966], [0.03571224049908897, 0.019221548171760864, 0.009734539855178366, 0.009734539855178366, 0.915862591763615, 0.009734539855178366], [0.9450529796325545, 0.011680230147873566, 0.009720047595288451, 0.009720047595288451, 0.01410664743370647, 0.009720047595288451], [0.9470185929830067, 0.009797727762650081, 0.00972004771449875, 0.00972004771449875, 0.014023536110847057, 0.00972004771449875], [0.03588405213241951, 0.02479401662451844, 0.009734667503825019, 0.009734667503825019, 0.9101179287315869, 0.009734667503825019], [0.9373323881257355, 0.019454448907233822, 0.009720230452027065, 0.009720230452027065, 0.014052471610949554, 0.009720230452027065], [0.9044295298121608, 0.052240247114232675, 0.009720249739199736, 0.009720249739199736, 0.014169473856007244, 0.009720249739199736], [0.036389365788093604, 0.04497082076477072, 0.009734916432600393, 0.009734916432600393, 0.8894350641493345, 0.009734916432600393], [0.03813795652346536, 0.11384387360969225, 0.009735389791716346, 0.009735389791716346, 0.8188120004916933, 0.009735389791716346], [0.8722121124532242, 0.08440693327476982, 0.00972031886270837, 0.00972031886270837, 0.014219997683881018, 0.00972031886270837], [0.8867568578074082, 0.06992183885477149, 0.009720295887482439, 0.009720295887482439, 0.014160415675373256, 0.009720295887482439], [0.9403602197982466, 0.016453080937203296, 0.009720230457357008, 0.009720230457357008, 0.014026007892479138, 0.009720230457357008], [0.9455964740283509, 0.011236096400460185, 0.009720114063288173, 0.009720114063288173, 0.01400708738132434, 0.009720114063288173], [0.03577726495226133, 0.01874397611923138, 0.00973453839258222, 0.00973453839258222, 0.9162751437507607, 0.00973453839258222], [0.9456653780059595, 0.011168135246797424, 0.00972013676433774, 0.00972013676433774, 0.014006076454229754, 0.00972013676433774], [0.9455984018620092, 0.011234248217125204, 0.00972011389498451, 0.00972011389498451, 0.014007008235912067, 0.00972011389498451], [0.9434234598731008, 0.013410997884731483, 0.0097201595664496, 0.0097201595664496, 0.014005063542818849, 0.0097201595664496], [0.9393999918900653, 0.017406232089780906, 0.009720230452769875, 0.009720230452769875, 0.01403308466184421, 0.009720230452769875], [0.9253798776452551, 0.031305690361959224, 0.009720252740521523, 0.009720252740521523, 0.014153673771221264, 0.009720252740521523], [0.9398772846974791, 0.016934904602253387, 0.009720230495426911, 0.009720230495426911, 0.014027119213987003, 0.009720230495426911], [0.9434234598731008, 0.013410997884731483, 0.0097201595664496, 0.0097201595664496, 0.014005063542818849, 0.0097201595664496], [0.9431251510639043, 0.013708097835379835, 0.009720159525791118, 0.009720159525791118, 0.01400627252334259, 0.009720159525791118], [0.9250301420696074, 0.03164818670836512, 0.009720252709264713, 0.009720252709264713, 0.014160913094233306, 0.009720252709264713], [0.8676228130973012, 0.08898030357359508, 0.009720318111978508, 0.009720318111978508, 0.014235928993168188, 0.009720318111978508], [0.3382220524530512, 0.6164653619676347, 0.009742086693160332, 0.009742086693160332, 0.016086325499832986, 0.009742086693160332], [0.044204046780385885, 0.038746383092107615, 0.014801116161802266, 0.00981499911236997, 0.8826184557409643, 0.00981499911236997], [0.9372523660723923, 0.019587840387821822, 0.009720254134678797, 0.009720254134678797, 0.013999031135749617, 0.009720254134678797]], [[0.9434165821753231, 0.013461353942676365, 0.00972023065654241, 0.00972023065654241, 0.013961371912373375, 0.00972023065654241], [0.040728550661464004, 0.03431401924216809, 0.014203334159956697, 0.009814914335978218, 0.8911242672644547, 0.009814914335978218], [0.6866576531724787, 0.26988442144945674, 0.009720288560217366, 0.009720288560217366, 0.014297059697412387, 0.009720288560217366], [0.038608800882000215, 0.19435746980041993, 0.009735741672905437, 0.009735741672905437, 0.7378265042988634, 0.009735741672905437], [0.8273974017672932, 0.129192720721149, 0.009720286042739494, 0.009720286042739494, 0.014249019383339388, 0.009720286042739494], [0.05038211042555369, 0.8058250523608025, 0.009741456384685229, 0.009741456384685229, 0.11456846805958822, 0.009741456384685229], [0.8918719264058642, 0.06482104370337433, 0.009720296718998335, 0.009720296718998335, 0.014146139733766471, 0.009720296718998335], [0.9425119870744217, 0.014380608988056286, 0.009723129187202657, 0.009723129187202657, 0.013938016375914046, 0.009723129187202657], [0.944043937459116, 0.012828410956958507, 0.009720230638462618, 0.009720230638462618, 0.013966959668537613, 0.009720230638462618], [0.07375026676183165, 0.4165849578517191, 0.009775695043442627, 0.009775695043442627, 0.4803376902561215, 0.009775695043442627], [0.08042357879751741, 0.08865571606729293, 0.05937367399114366, 0.009819597535143554, 0.7519078360737588, 0.009819597535143554], [0.04200279673784578, 0.38900614004956824, 0.009739310543079329, 0.009739310543079329, 0.539773131583348, 0.009739310543079329], [0.045693347825281935, 0.5094742884213698, 0.009739951817262237, 0.009739951817262237, 0.4156125083015615, 0.009739951817262237], [0.7265956332226986, 0.2297584683146925, 0.009720220809307149, 0.009720220809307149, 0.014485236034687517, 0.009720220809307149], [0.04785382070882942, 0.395255345554518, 0.009739418797779707, 0.009739418797779707, 0.5276725773433134, 0.009739418797779707], [0.910213778626869, 0.04641067963603203, 0.009720155601986243, 0.009720155601986243, 0.014215074931140126, 0.009720155601986243], [0.9470252614005115, 0.00979105692994338, 0.009720047715617935, 0.009720047715617935, 0.014023538522691458, 0.009720047715617935], [0.9469671754914998, 0.009843422791186815, 0.009720047759025971, 0.009720047759025971, 0.014029258440235715, 0.009720047759025971], [0.9453093293818219, 0.011511256457844472, 0.009720114126643392, 0.009720114126643392, 0.01401907178040338, 0.009720114126643392], [0.9449025756632786, 0.011918987923006318, 0.009720136915643546, 0.009720136915643546, 0.014018025666784572, 0.009720136915643546], [0.9023460123715354, 0.05430708324845506, 0.009720249481753674, 0.009720249481753674, 0.014186155934748427, 0.009720249481753674], [0.840559410777097, 0.11597122075503363, 0.009720314091037937, 0.009720314091037937, 0.014308426194755622, 0.009720314091037937], [0.35187700500989105, 0.6027586388469685, 0.009742092668461941, 0.009742092668461941, 0.01613807813775465, 0.009742092668461941], [0.8742355909228822, 0.08241926817943579, 0.009720319203870141, 0.009720319203870141, 0.014184183286071671, 0.009720319203870141], [0.9298591939974976, 0.026855569482895775, 0.009720253239926344, 0.009720253239926344, 0.014124476799827418, 0.009720253239926344], [0.943366796046677, 0.013467601006364297, 0.009720159724962884, 0.009720159724962884, 0.014005123772069993, 0.009720159724962884], [0.9376767318075692, 0.01911165204916099, 0.009720230275553497, 0.009720230275553497, 0.014050925316609305, 0.009720230275553497], [0.037854561120783704, 0.06686258767070662, 0.009735072788222507, 0.009735072788222507, 0.8660776328438422, 0.009735072788222507], [0.9375100191569297, 0.019275606773707554, 0.00972023026488544, 0.00972023026488544, 0.014053683274706456, 0.00972023026488544], [0.943371443345202, 0.013466067390456176, 0.009720159535026586, 0.009720159535026586, 0.014002010659262126, 0.009720159535026586], [0.9454143406943942, 0.011417057193135629, 0.009720113873804488, 0.009720113873804488, 0.014008260491056803, 0.009720113873804488], [0.9456012162119245, 0.011234832290892742, 0.00972013673476702, 0.00972013673476702, 0.014003541292881876, 0.00972013673476702], [0.9456012162119245, 0.011234832290892742, 0.00972013673476702, 0.00972013673476702, 0.014003541292881876, 0.00972013673476702], [0.9458122675208168, 0.011038358969617508, 0.009720113794495023, 0.009720113794495023, 0.013989032126080622, 0.009720113794495023], [0.9376873585287454, 0.01911675339814409, 0.009720230347748472, 0.009720230347748472, 0.014035197029865215, 0.009720230347748472], [0.03846336626820042, 0.11175245706166384, 0.0097353818541694, 0.0097353818541694, 0.8205780311076276, 0.0097353818541694], [0.040595722617262374, 0.2087987546903286, 0.009735872118988315, 0.009735872118988315, 0.7213979063354442, 0.009735872118988315], [0.6866576531724787, 0.26988442144945674, 0.009720288560217366, 0.009720288560217366, 0.014297059697412387, 0.009720288560217366], [0.9341032296437362, 0.02146692489468305, 0.009821755864830212, 0.009808646411619519, 0.014990796773511525, 0.009808646411619519], [0.9439766059961985, 0.012904872661278821, 0.009720230729715186, 0.009720230729715186, 0.013957829153377186, 0.009720230729715186]], [[0.9352241858051964, 0.021609843187362275, 0.009720253815107053, 0.009720253815107053, 0.014005209562120265, 0.009720253815107053], [0.9320170517289864, 0.02382475866331601, 0.009788105787254012, 0.009788105787254012, 0.014793872245935686, 0.009788105787254012], [0.3222187687739774, 0.6323433332359527, 0.009742077216862734, 0.009742077216862734, 0.016211666339481734, 0.009742077216862734], [0.050047273258950725, 0.7898135015236969, 0.009741377563579241, 0.009741377563579241, 0.13091509252661454, 0.009741377563579241], [0.8901748281525751, 0.06636246136641666, 0.00972024685544147, 0.00972024685544147, 0.014301969914683875, 0.00972024685544147], [0.9198509463926364, 0.03678542405891342, 0.009720251540763314, 0.009720251540763314, 0.014202874926160295, 0.009720251540763314], [0.09341481379763687, 0.15035418932750524, 0.009837308218883107, 0.01995898399355351, 0.7165973964435383, 0.009837308218883107], [0.9434244341381685, 0.013413058739584047, 0.009720159543983196, 0.009720159543983196, 0.014002028490297767, 0.009720159543983196], [0.063132793731919, 0.05095751488052873, 0.05803506207273866, 0.009819233513635823, 0.808236162287542, 0.009819233513635823], [0.9454735525202538, 0.011396176018639322, 0.009720136336918461, 0.009720136336918461, 0.01396986245035153, 0.009720136336918461], [0.9456409126009042, 0.011231258944282755, 0.009720113488303319, 0.009720113488303319, 0.01396748798990317, 0.009720113488303319], [0.07649767713835336, 0.08931276406245273, 0.05938222911802449, 0.009819591497674312, 0.7551681466858207, 0.009819591497674312], [0.038747737287371124, 0.19159238415753965, 0.009735730277122361, 0.009735730277122361, 0.7404526877237222, 0.009735730277122361], [0.677321432133885, 0.27915725989303203, 0.009720286842274418, 0.009720286842274418, 0.014360447446259821, 0.009720286842274418], [0.039634861776963126, 0.8093637615659093, 0.009741397112613822, 0.009741397112613822, 0.12177718531928615, 0.009741397112613822], [0.8790658937104896, 0.07745798209378937, 0.009720222112372511, 0.009720222112372511, 0.014315457858603565, 0.009720222112372511], [0.0357113529945429, 0.019042421305113157, 0.009734539086112326, 0.009734539086112326, 0.916042608442007, 0.009734539086112326], [0.9470972381855317, 0.00971913729710413, 0.00971913729710413, 0.00971913729710413, 0.014026212626051792, 0.00971913729710413], [0.035674163436250045, 0.015626864000209382, 0.009734187998626284, 0.009734187998626284, 0.9194964085676618, 0.009734187998626284], [0.9433758473952996, 0.013381980277238144, 0.009720113888824895, 0.009720113888824895, 0.014081830660987655, 0.009720113888824895], [0.036593688228432925, 0.052933130522406294, 0.009734951078521863, 0.009734951078521863, 0.8812683280135952, 0.009734951078521863], [0.7146761946401012, 0.24181344939361646, 0.009720268004186617, 0.009720268004186617, 0.014349551953722478, 0.009720268004186617], [0.7946448912160485, 0.16190350619898441, 0.00972030589007964, 0.00972030589007964, 0.014290684914728024, 0.00972030589007964], [0.8258586622434925, 0.13073276043561297, 0.009720285778356787, 0.009720285778356787, 0.014247719985824258, 0.009720285778356787], [0.9329113431198311, 0.023826842976730492, 0.009720229374024083, 0.009720229374024083, 0.014101125781366101, 0.009720229374024083], [0.9309899727969609, 0.025725670873642158, 0.009720229391478753, 0.009720229391478753, 0.014123668154960625, 0.009720229391478753], [0.875583034021464, 0.08103442470723335, 0.009720294066540356, 0.009720294066540356, 0.014221659071681679, 0.009720294066540356], [0.04068154842582663, 0.13125658745363453, 0.009735535326718323, 0.009735535326718323, 0.7988552581403839, 0.009735535326718323], [0.875583034021464, 0.08103442470723335, 0.009720294066540356, 0.009720294066540356, 0.014221659071681679, 0.009720294066540356], [0.03637550457750969, 0.03436681651281986, 0.009734870175852145, 0.009734870175852145, 0.9000530683821139, 0.009734870175852145], [0.9422796421674087, 0.014543488117166369, 0.009720159460446173, 0.009720159460446173, 0.014016391334086387, 0.009720159460446173], [0.03636080411604653, 0.03336551350254604, 0.009734865724671651, 0.009734865724671651, 0.9010690852073925, 0.009734865724671651], [0.9259425690638432, 0.03073049063164517, 0.009720252816729804, 0.009720252816729804, 0.014166181854322302, 0.009720252816729804], [0.9404968665370576, 0.016319962274327124, 0.009720230461556083, 0.009720230461556083, 0.014022479803947156, 0.009720230461556083], [0.9303065882072217, 0.026408448501625333, 0.00972025345860111, 0.00972025345860111, 0.014124202915349738, 0.00972025345860111], [0.8887108444241014, 0.06791011708418038, 0.009720321666715012, 0.009720321666715012, 0.014218073491573327, 0.009720321666715012], [0.35031524582750834, 0.6042485937752768, 0.009742091613005826, 0.009742091613005826, 0.016209885558197305, 0.009742091613005826], [0.04060111109183732, 0.15634725444256883, 0.009735644019907449, 0.009735644019907449, 0.7738447024058716, 0.009735644019907449], [0.9400776554399392, 0.016603717648967568, 0.00972831934238786, 0.00972831934238786, 0.014133668883929898, 0.00972831934238786], [0.9466303799035181, 0.010266904116315425, 0.009720159634723662, 0.009720159634723662, 0.01394223707599554, 0.009720159634723662]], [[0.9444308236694405, 0.01245955793073213, 0.00972023077190024, 0.00972023077190024, 0.013948926084126694, 0.00972023077190024], [0.9342852889219935, 0.021358631983365663, 0.009804667453707878, 0.009804667453707878, 0.014942076733517206, 0.009804667453707878], [0.6866576531724787, 0.26988442144945674, 0.009720288560217366, 0.009720288560217366, 0.014297059697412387, 0.009720288560217366], [0.038768702175879584, 0.19175987407740797, 0.009735731180034925, 0.009735731180034925, 0.7402642302066076, 0.009735731180034925], [0.9168676792261765, 0.03985201252867392, 0.009720227152642303, 0.009720227152642303, 0.014119626787222802, 0.009720227152642303], [0.9330857371085857, 0.02365236326221287, 0.009720229403718429, 0.009720229403718429, 0.014101211418046046, 0.009720229403718429], [0.03810545202896596, 0.06431854019519634, 0.009735063080300962, 0.009735063080300962, 0.8683708185349348, 0.009735063080300962], [0.9394986194874855, 0.0173075663036238, 0.009720230469559587, 0.009720230469559587, 0.014033122800212086, 0.009720230469559587], [0.941309998573991, 0.015500579210450522, 0.009720159149980529, 0.009720159149980529, 0.014028944765617042, 0.009720159149980529], [0.03554944480194936, 0.366600186161109, 0.00974343140165328, 0.00974343140165328, 0.5686200748319817, 0.00974343140165328], [0.9468973251861516, 0.009984388738230715, 0.009720136448055772, 0.009720136448055772, 0.013957876731450465, 0.009720136448055772], [0.9399815508838297, 0.016706815661812546, 0.009727214776600358, 0.009727214776600358, 0.01412998912455659, 0.009727214776600358], [0.8868684602535919, 0.06979488678006157, 0.009720322066075988, 0.009720322066075988, 0.014175686768118517, 0.009720322066075988], [0.8492039923664322, 0.10741461005062779, 0.009720341406602011, 0.009720341406602011, 0.014220373363133958, 0.009720341406602011], [0.8183764012532988, 0.13824713066250804, 0.009720309846952435, 0.009720309846952435, 0.01421553854333604, 0.009720309846952435], [0.04922150863370762, 0.6656072553263316, 0.00974073111490736, 0.00974073111490736, 0.25594904269523866, 0.00974073111490736], [0.03582467523543548, 0.02264560568469485, 0.00973460596708939, 0.00973460596708939, 0.9123259011786016, 0.00973460596708939], [0.9471055780057339, 0.009718838902697686, 0.009718838902697686, 0.009718838902697686, 0.014019066383475217, 0.009718838902697686], [0.9471324746156835, 0.009715589210851899, 0.009715589210851899, 0.009715589210851899, 0.0140051685409089, 0.009715589210851899], [0.9453316900225553, 0.01141118059974979, 0.009720047580326765, 0.009720047580326765, 0.014096986636714487, 0.009720047580326765], [0.04103433410843624, 0.3427197695324412, 0.00973908448684127, 0.00973908448684127, 0.5870286428985986, 0.00973908448684127], [0.04830193721108223, 0.40076018774113686, 0.009739447646627172, 0.009739447646627172, 0.5217195321078992, 0.009739447646627172], [0.0381585563218569, 0.1037452151546581, 0.009735233041481751, 0.009735233041481751, 0.8288905293990398, 0.009735233041481751], [0.036452857284132854, 0.04948988432673002, 0.009734935290421048, 0.009734935290421048, 0.8848524525178739, 0.009734935290421048], [0.042376508962593235, 0.3518793837901239, 0.009739134792699078, 0.009739134792699078, 0.5765267028691855, 0.009739134792699078], [0.03813940419151389, 0.0751156991466624, 0.009735109516096647, 0.009735109516096647, 0.8575395681135338, 0.009735109516096647], [0.8610854410524488, 0.09550340525417811, 0.009720317026589034, 0.009720317026589034, 0.014250202613606029, 0.